state,county,Barack Obama,Mitt Romney,Other_2012,Total Votes_2012,Winner_2012,Margin_2012,Donald Trump,Hillary Clinton,Other_2016,Total Votes_2016,Winner_2016,Margin_2016,Total_Votes_Percent_Change
Alabama,Autauga,6363,17379,190,23932,Mitt Romney,11016,18172,5936,865,24973,Donald Trump,12236,4.35
Alabama,Baldwin,18424,66016,898,85338,Mitt Romney,47592,72883,18458,3874,95215,Donald Trump,54425,11.57
Alabama,Barbour,5912,5550,47,11509,Barack Obama,362,5454,4871,144,10469,Donald Trump,583,-9.04
Alabama,Bibb,2202,6132,86,8420,Mitt Romney,3930,6738,1874,207,8819,Donald Trump,4864,4.74
Alabama,Blount,2970,20757,279,24006,Mitt Romney,17787,22859,2156,573,25588,Donald Trump,20703,6.59
Alabama,Bullock,4061,1251,10,5322,Barack Obama,2810,1140,3530,40,4710,Hillary Clinton,2390,-11.5
Alabama,Butler,4374,5087,35,9496,Mitt Romney,713,4901,3726,105,8732,Donald Trump,1175,-8.05
Alabama,Calhoun,15511,30278,468,46257,Mitt Romney,14767,32865,13242,1757,47864,Donald Trump,19623,3.47
Alabama,Chambers,6871,7626,114,14611,Mitt Romney,755,7843,5784,273,13900,Donald Trump,2059,-4.87
Alabama,Cherokee,2132,7506,141,9779,Mitt Romney,5374,8953,1547,233,10733,Donald Trump,7406,9.76
Alabama,Chilton,3397,13932,133,17462,Mitt Romney,10535,15081,2911,377,18369,Donald Trump,12170,5.19
Alabama,Choctaw,3786,4152,30,7968,Mitt Romney,366,4106,3109,77,7292,Donald Trump,997,-8.48
Alabama,Clarke,6334,7470,47,13851,Mitt Romney,1136,7140,5749,142,13031,Donald Trump,1391,-5.92
Alabama,Clay,1777,4817,68,6662,Mitt Romney,3040,5245,1237,142,6624,Donald Trump,4008,-0.57
Alabama,Cleburne,971,5272,62,6305,Mitt Romney,4301,5764,684,145,6593,Donald Trump,5080,4.57
Alabama,Coffee,4925,14666,179,19770,Mitt Romney,9741,15875,4221,671,20767,Donald Trump,11654,5.04
Alabama,Colbert,9166,13936,283,23385,Mitt Romney,4770,16746,7312,857,24915,Donald Trump,9434,6.54
Alabama,Conecuh,3555,3439,28,7022,Barack Obama,116,3420,3080,85,6585,Donald Trump,340,-6.22
Alabama,Coosa,2191,3049,29,5269,Mitt Romney,858,3381,1782,89,5252,Donald Trump,1599,-0.32
Alabama,Covington,3158,12153,112,15423,Mitt Romney,8995,13267,2387,286,15940,Donald Trump,10880,3.35
Alabama,Crenshaw,2050,4331,37,6418,Mitt Romney,2281,4513,1664,90,6267,Donald Trump,2849,-2.35
Alabama,Cullman,5052,28999,406,34457,Mitt Romney,23947,32989,3798,1086,37873,Donald Trump,29191,9.91
Alabama,Dale,5286,13108,163,18557,Mitt Romney,7822,13808,4413,528,18749,Donald Trump,9395,1.03
Alabama,Dallas,14612,6288,53,20953,Barack Obama,8324,5789,12836,167,18792,Hillary Clinton,7047,-10.31
Alabama,DeKalb,5239,18331,293,23863,Mitt Romney,13092,21405,3622,799,25826,Donald Trump,17783,8.23
Alabama,Elmore,8954,26253,278,35485,Mitt Romney,17299,27634,8443,1183,37260,Donald Trump,19191,5
Alabama,Escambia,5489,9287,93,14869,Mitt Romney,3798,9935,4605,305,14845,Donald Trump,5330,-0.16
Alabama,Etowah,12803,29130,597,42530,Mitt Romney,16327,32353,10442,1369,44164,Donald Trump,21911,3.84
Alabama,Fayette,1817,6054,75,7946,Mitt Romney,4237,6712,1362,175,8249,Donald Trump,5350,3.81
Alabama,Franklin,3171,7567,121,10859,Mitt Romney,4396,9466,2197,377,12040,Donald Trump,7269,10.88
Alabama,Geneva,2039,9175,106,11320,Mitt Romney,7136,9994,1525,239,11758,Donald Trump,8469,3.87
Alabama,Greene,4521,804,15,5340,Barack Obama,3717,838,4013,29,4880,Hillary Clinton,3175,-8.61
Alabama,Hale,5411,3210,22,8643,Barack Obama,2201,3173,4775,92,8040,Hillary Clinton,1602,-6.98
Alabama,Henry,3083,5628,49,8760,Mitt Romney,2545,5632,2292,148,8072,Donald Trump,3340,-7.85
Alabama,Houston,12367,29270,281,41918,Mitt Romney,16903,30728,10664,1247,42639,Donald Trump,20064,1.72
Alabama,Jackson,5822,14439,316,20577,Mitt Romney,8617,16672,3673,639,20984,Donald Trump,12999,1.98
Alabama,Jefferson,159876,141683,2359,303918,Barack Obama,18193,134768,156873,12550,304191,Hillary Clinton,22105,0.09
Alabama,Lamar,1646,5457,63,7166,Mitt Romney,3811,5823,1036,107,6966,Donald Trump,4787,-2.79
Alabama,Lauderdale,12511,23911,502,36924,Mitt Romney,11400,27899,9952,1674,39525,Donald Trump,17947,7.04
Alabama,Lawrence,5069,8874,169,14112,Mitt Romney,3805,10833,3627,369,14829,Donald Trump,7206,5.08
Alabama,Lee,21381,32194,784,54359,Mitt Romney,10813,34617,21230,3344,59191,Donald Trump,13387,8.89
Alabama,Limestone,9829,25295,335,35459,Mitt Romney,15466,29067,9468,1759,40294,Donald Trump,19599,13.64
Alabama,Lowndes,5747,1756,18,7521,Barack Obama,3991,1751,4883,50,6684,Hillary Clinton,3132,-11.13
Alabama,Macon,9045,1331,18,10394,Barack Obama,7714,1431,7566,143,9140,Hillary Clinton,6135,-12.06
Alabama,Madison,62015,90884,2160,155059,Mitt Romney,28869,89520,62822,11047,163389,Donald Trump,26698,5.37
Alabama,Marengo,6167,5336,34,11537,Barack Obama,831,5233,5615,146,10994,Hillary Clinton,382,-4.71
Alabama,Marion,2249,9697,159,12105,Mitt Romney,7448,11274,1432,278,12984,Donald Trump,9842,7.26
Alabama,Marshall,6299,25867,400,32566,Mitt Romney,19568,29233,4917,1166,35316,Donald Trump,24316,8.44
Alabama,Mobile,78760,94893,1211,174864,Mitt Romney,16133,95116,72186,5435,172737,Donald Trump,22930,-1.22
Alabama,Monroe,4914,5741,53,10708,Mitt Romney,827,5795,4332,144,10271,Donald Trump,1463,-4.08
Alabama,Montgomery,63085,38332,507,101924,Barack Obama,24753,34003,58916,2959,95878,Hillary Clinton,24913,-5.93
Alabama,Morgan,13439,35391,493,49323,Mitt Romney,21952,37486,11254,1904,50644,Donald Trump,26232,2.68
Alabama,Perry,4568,1506,25,6099,Barack Obama,3062,1407,3824,47,5278,Hillary Clinton,2417,-13.46
Alabama,Pickens,4455,5124,32,9611,Mitt Romney,669,5456,3972,114,9542,Donald Trump,1484,-0.72
Alabama,Pike,6035,7963,109,14107,Mitt Romney,1928,7693,5056,419,13168,Donald Trump,2637,-6.66
Alabama,Randolph,3078,7224,96,10398,Mitt Romney,4146,7705,2291,191,10187,Donald Trump,5414,-2.03
Alabama,Russell,10500,8278,101,18879,Barack Obama,2222,9210,9579,467,19256,Hillary Clinton,369,2
Alabama,Shelby,20051,71436,1020,92507,Mitt Romney,51385,73020,22977,5257,101254,Donald Trump,50043,9.46
Alabama,St. Clair,5801,29031,316,35148,Mitt Romney,23230,31651,5589,1160,38400,Donald Trump,26062,9.25
Alabama,Sumter,5421,1586,20,7027,Barack Obama,3835,1581,4746,84,6411,Hillary Clinton,3165,-8.77
Alabama,Talladega,13905,19246,222,33373,Mitt Romney,5341,20614,12121,672,33407,Donald Trump,8493,0.1
Alabama,Tallapoosa,6319,12396,114,18829,Mitt Romney,6077,13594,5519,373,19486,Donald Trump,8075,3.49
Alabama,Tuscaloosa,32048,45748,794,78590,Mitt Romney,13700,47723,31762,3215,82700,Donald Trump,15961,5.23
Alabama,Walker,6557,21651,313,28521,Mitt Romney,15094,24266,4497,709,29472,Donald Trump,19769,3.33
Alabama,Washington,2976,5761,41,8778,Mitt Romney,2785,6042,2374,117,8533,Donald Trump,3668,-2.79
Alabama,Wilcox,4868,1679,4,6551,Barack Obama,3189,1737,4339,42,6118,Hillary Clinton,2602,-6.61
Alabama,Winston,1286,8312,116,9714,Mitt Romney,7026,9228,872,213,10313,Donald Trump,8356,6.17
Arizona,Apache,17147,8250,451,25848,Barack Obama,8897,8240,17083,2338,27661,Hillary Clinton,8843,7.01
Arizona,Cochise,18546,29497,960,49003,Mitt Romney,10951,28092,17450,4473,50015,Donald Trump,10642,2.07
Arizona,Coconino,29257,21220,1254,51731,Barack Obama,8037,21108,32404,6272,59784,Hillary Clinton,11296,15.57
Arizona,Gila,7697,13455,376,21528,Mitt Romney,5758,14182,7003,1127,22312,Donald Trump,7179,3.64
Arizona,Graham,3609,8076,170,11855,Mitt Romney,4467,8025,3301,808,12134,Donald Trump,4724,2.35
Arizona,Greenlee,1310,1592,72,2974,Mitt Romney,282,1892,1092,286,3270,Donald Trump,800,9.95
Arizona,La Paz,1880,3714,123,5717,Mitt Romney,1834,4003,1575,373,5951,Donald Trump,2428,4.09
Arizona,Maricopa,602288,749885,24385,1376558,Mitt Romney,147597,747361,702907,117566,1567834,Donald Trump,44454,13.9
Arizona,Mohave,19533,49168,1309,70010,Mitt Romney,29635,58282,17455,4206,79943,Donald Trump,40827,14.19
Arizona,Navajo,16945,19884,506,37335,Mitt Romney,2939,20577,16459,3258,40294,Donald Trump,4118,7.93
Arizona,Pima,201251,174779,6220,382250,Barack Obama,26472,167428,224661,29551,421640,Hillary Clinton,57233,10.3
Arizona,Pinal,44306,62079,1930,108315,Mitt Romney,17773,72819,47892,8835,129546,Donald Trump,24927,19.6
Arizona,Santa Cruz,9486,4235,173,13894,Barack Obama,5251,3897,11690,846,16433,Hillary Clinton,7793,18.27
Arizona,Yavapai,33918,64468,1897,100283,Mitt Romney,30550,71330,35590,7530,114450,Donald Trump,35740,14.13
Arizona,Yuma,18059,23352,542,41953,Mitt Romney,5293,25165,24605,3240,53010,Donald Trump,560,26.36
Arkansas,Arkansas,2455,3897,142,6494,Mitt Romney,1442,3826,1939,447,6212,Donald Trump,1887,-4.34
Arkansas,Ashley,2859,4867,195,7921,Mitt Romney,2008,5338,2408,337,8083,Donald Trump,2930,2.05
Arkansas,Baxter,5172,13688,479,19339,Mitt Romney,8516,14682,4169,915,19766,Donald Trump,10513,2.21
Arkansas,Benton,22636,54646,1975,79257,Mitt Romney,32010,60871,28005,7948,96824,Donald Trump,32866,22.16
Arkansas,Boone,3772,11159,460,15391,Mitt Romney,7387,12235,2926,950,16111,Donald Trump,9309,4.68
Arkansas,Bradley,1449,2134,69,3652,Mitt Romney,685,2164,1317,172,3653,Donald Trump,847,0.03
Arkansas,Calhoun,660,1458,56,2174,Mitt Romney,798,1556,639,74,2269,Donald Trump,917,4.37
Arkansas,Carroll,3696,6125,362,10183,Mitt Romney,2429,6786,3342,630,10758,Donald Trump,3444,5.65
Arkansas,Chicot,2649,1670,42,4361,Barack Obama,979,1716,2350,110,4176,Hillary Clinton,634,-4.24
Arkansas,Clark,3811,4343,255,8409,Mitt Romney,532,4404,3620,502,8526,Donald Trump,784,1.39
Arkansas,Clay,1738,3225,147,5110,Mitt Romney,1487,3781,1199,220,5200,Donald Trump,2582,1.76
Arkansas,Cleburne,2620,8693,334,11647,Mitt Romney,6073,9458,2101,526,12085,Donald Trump,7357,3.76
Arkansas,Cleveland,845,2313,108,3266,Mitt Romney,1468,2462,723,169,3354,Donald Trump,1739,2.69
Arkansas,Columbia,3557,5790,108,9455,Mitt Romney,2233,5456,3140,291,8887,Donald Trump,2316,-6.01
Arkansas,Conway,3005,4514,211,7730,Mitt Romney,1509,4849,2656,422,7927,Donald Trump,2193,2.55
Arkansas,Craighead,10527,20350,823,31700,Mitt Romney,9823,22892,10538,2143,35573,Donald Trump,12354,12.22
Arkansas,Crawford,4881,15145,565,20591,Mitt Romney,10264,16686,4488,1276,22450,Donald Trump,12198,9.03
Arkansas,Crittenden,9487,6998,231,16716,Barack Obama,2489,6964,8410,578,15952,Hillary Clinton,1446,-4.57
Arkansas,Cross,2279,4269,133,6681,Mitt Romney,1990,4584,1999,291,6874,Donald Trump,2585,2.89
Arkansas,Dallas,1337,1665,82,3084,Mitt Romney,328,1509,1165,97,2771,Donald Trump,344,-10.15
Arkansas,Desha,2443,1896,81,4420,Barack Obama,547,1919,2228,110,4257,Hillary Clinton,309,-3.69
Arkansas,Drew,2630,3887,116,6633,Mitt Romney,1257,3968,2365,262,6595,Donald Trump,1603,-0.57
Arkansas,Faulkner,13621,26722,1117,41460,Mitt Romney,13101,29346,14629,3552,47527,Donald Trump,14717,14.63
Arkansas,Franklin,1726,4631,183,6540,Mitt Romney,2905,5039,1376,355,6770,Donald Trump,3663,3.52
Arkansas,Fulton,1452,2949,121,4522,Mitt Romney,1497,3471,1067,234,4772,Donald Trump,2404,5.53
Arkansas,Garland,13804,26014,910,40728,Mitt Romney,12210,26087,12311,2407,40805,Donald Trump,13776,0.19
Arkansas,Grant,1468,4829,182,6479,Mitt Romney,3361,5725,1373,347,7445,Donald Trump,4352,14.91
Arkansas,Greene,4000,9071,690,13761,Mitt Romney,5071,10720,3071,809,14600,Donald Trump,7649,6.1
Arkansas,Hempstead,2468,4284,169,6921,Mitt Romney,1816,4401,2377,271,7049,Donald Trump,2024,1.85
Arkansas,Hot Spring,3830,7097,333,11260,Mitt Romney,3267,8172,3149,623,11944,Donald Trump,5023,6.07
Arkansas,Howard,1471,2892,99,4462,Mitt Romney,1421,3157,1351,166,4674,Donald Trump,1806,4.75
Arkansas,Independence,3281,8728,388,12397,Mitt Romney,5447,9936,2881,797,13614,Donald Trump,7055,9.82
Arkansas,Izard,1524,3575,179,5278,Mitt Romney,2051,4042,1113,293,5448,Donald Trump,2929,3.22
Arkansas,Jackson,2095,3072,180,5347,Mitt Romney,977,3267,1583,306,5156,Donald Trump,1684,-3.57
Arkansas,Jefferson,17470,9520,393,27383,Barack Obama,7950,9250,15772,872,25894,Hillary Clinton,6522,-5.44
Arkansas,Johnson,2799,5064,235,8098,Mitt Romney,2265,6091,2427,594,9112,Donald Trump,3664,12.52
Arkansas,Lafayette,1173,1713,43,2929,Mitt Romney,540,1758,1032,70,2860,Donald Trump,726,-2.36
Arkansas,Lawrence,1788,3536,216,5540,Mitt Romney,1748,4064,1263,358,5685,Donald Trump,2801,2.62
Arkansas,Lee,2107,1280,37,3424,Barack Obama,827,1229,1735,62,3026,Hillary Clinton,506,-11.62
Arkansas,Lincoln,1425,2199,102,3726,Mitt Romney,774,2455,1252,119,3826,Donald Trump,1203,2.68
Arkansas,Little River,1552,3385,114,5051,Mitt Romney,1833,3605,1397,225,5227,Donald Trump,2208,3.48
Arkansas,Logan,2009,5079,243,7331,Mitt Romney,3070,5746,1715,460,7921,Donald Trump,4031,8.05
Arkansas,Lonoke,5625,17880,609,24114,Mitt Romney,12255,19958,5664,1478,27100,Donald Trump,14294,12.38
Arkansas,Madison,2099,4263,206,6568,Mitt Romney,2164,4928,1588,325,6841,Donald Trump,3340,4.16
Arkansas,Marion,2037,4774,240,7051,Mitt Romney,2737,5336,1434,337,7107,Donald Trump,3902,0.79
Arkansas,Miller,4518,10622,189,15329,Mitt Romney,6104,11294,4273,524,16091,Donald Trump,7021,4.97
Arkansas,Mississippi,6467,6603,305,13375,Mitt Romney,136,7061,5670,473,13204,Donald Trump,1391,-1.28
Arkansas,Monroe,1583,1585,62,3230,Mitt Romney,2,1489,1312,83,2884,Donald Trump,177,-10.71
Arkansas,Montgomery,920,2369,115,3404,Mitt Romney,1449,2643,748,168,3559,Donald Trump,1895,4.55
Arkansas,Nevada,1314,1996,74,3384,Mitt Romney,682,2000,1157,89,3246,Donald Trump,843,-4.08
Arkansas,Newton,993,2508,160,3661,Mitt Romney,1515,2875,699,179,3753,Donald Trump,2176,2.51
Arkansas,Ouachita,4633,5521,161,10315,Mitt Romney,888,5351,4321,263,9935,Donald Trump,1030,-3.68
Arkansas,Perry,1187,2581,170,3938,Mitt Romney,1394,3008,1049,249,4306,Donald Trump,1959,9.34
Arkansas,Phillips,5202,2598,130,7930,Barack Obama,2604,2446,4310,197,6953,Hillary Clinton,1864,-12.32
Arkansas,Pike,851,2847,90,3788,Mitt Romney,1996,3150,685,146,3981,Donald Trump,2465,5.1
Arkansas,Poinsett,2390,4974,196,7560,Mitt Romney,2584,5502,1880,340,7722,Donald Trump,3622,2.14
Arkansas,Polk,1556,5955,215,7726,Mitt Romney,4399,6618,1212,401,8231,Donald Trump,5406,6.54
Arkansas,Pope,5126,14763,550,20439,Mitt Romney,9637,16256,5000,1313,22569,Donald Trump,11256,10.42
Arkansas,Prairie,880,2153,108,3141,Mitt Romney,1273,2505,814,125,3444,Donald Trump,1691,9.65
Arkansas,Pulaski,87248,68984,3149,159381,Barack Obama,18264,61257,89574,8945,159776,Hillary Clinton,28317,0.25
Arkansas,Randolph,2046,3701,209,5956,Mitt Romney,1655,4509,1425,445,6379,Donald Trump,3084,7.1
Arkansas,Saline,12869,32963,1230,47062,Mitt Romney,20094,35863,13256,2981,52100,Donald Trump,22607,10.71
Arkansas,Scott,897,2631,112,3640,Mitt Romney,1734,2731,602,177,3510,Donald Trump,2129,-3.57
Arkansas,Searcy,814,2699,181,3694,Mitt Romney,1885,2955,601,172,3728,Donald Trump,2354,0.92
Arkansas,Sebastian,13092,29169,1101,43362,Mitt Romney,16077,29127,12300,3210,44637,Donald Trump,16827,2.94
Arkansas,Sevier,1042,3136,152,4330,Mitt Romney,2094,3282,1075,205,4562,Donald Trump,2207,5.36
Arkansas,Sharp,2092,4921,270,7283,Mitt Romney,2829,5407,1472,370,7249,Donald Trump,3935,-0.47
Arkansas,St. Francis,4910,3368,84,8362,Barack Obama,1542,3195,4031,204,7430,Hillary Clinton,836,-11.15
Arkansas,Stone,1356,3776,222,5354,Mitt Romney,2420,4113,1203,302,5618,Donald Trump,2910,4.93
Arkansas,Union,6196,10699,282,17177,Mitt Romney,4503,10456,5855,583,16894,Donald Trump,4601,-1.65
Arkansas,Van Buren,1832,4365,233,6430,Mitt Romney,2533,5382,1549,408,7339,Donald Trump,3833,14.14
Arkansas,Washington,28236,39688,2536,70460,Mitt Romney,11452,41476,33366,7019,81861,Donald Trump,8110,16.18
Arkansas,White,5765,20011,738,26514,Mitt Romney,14246,21077,5170,972,27219,Donald Trump,15907,2.66
Arkansas,Woodruff,1340,1227,118,2685,Barack Obama,113,1347,1118,106,2571,Donald Trump,229,-4.25
Arkansas,Yell,1722,4042,210,5974,Mitt Romney,2320,4608,1480,351,6439,Donald Trump,3128,7.78
California,Alameda,469684,108182,17776,595642,Barack Obama,361502,95922,514842,43502,654266,Hillary Clinton,418920,9.84
California,Alpine,389,236,28,653,Barack Obama,153,217,334,51,602,Hillary Clinton,117,-7.81
California,Amador,6830,10281,538,17649,Mitt Romney,3451,10485,6004,1245,17734,Donald Trump,4481,0.48
California,Butte,42669,44479,3604,90752,Mitt Romney,1810,45144,41567,8853,95564,Donald Trump,3577,5.3
California,Calaveras,8670,12365,751,21786,Mitt Romney,3695,13511,7944,1681,23136,Donald Trump,5567,6.2
California,Colusa,2314,3601,119,6034,Mitt Romney,1287,3551,2661,420,6632,Donald Trump,890,9.91
California,Contra Costa,290824,136517,10885,438226,Barack Obama,154307,115956,319287,30932,466175,Hillary Clinton,203331,6.38
California,Del Norte,3791,4614,365,8770,Mitt Romney,823,5134,3485,939,9558,Donald Trump,1649,8.99
California,El Dorado,35166,50973,2635,88774,Mitt Romney,15807,49247,36404,7940,93591,Donald Trump,12843,5.43
California,Fresno,129129,124490,5208,258827,Barack Obama,4639,124049,141341,16929,282319,Hillary Clinton,17292,9.08
California,Glenn,3301,5632,278,9211,Mitt Romney,2331,5788,3065,617,9470,Donald Trump,2723,2.81
California,Humboldt,34457,18825,4188,57470,Barack Obama,15632,18373,33200,7673,59246,Hillary Clinton,14827,3.09
California,Imperial,25136,12777,652,38565,Barack Obama,12359,12704,32667,2720,48091,Hillary Clinton,19963,24.7
California,Inyo,3422,4340,274,8036,Mitt Romney,918,4248,3155,683,8086,Donald Trump,1093,0.62
California,Kern,89495,126618,5359,221472,Mitt Romney,37123,129584,98689,15890,244163,Donald Trump,30895,10.25
California,Kings,12979,17671,768,31418,Mitt Romney,4692,18093,13617,2205,33915,Donald Trump,4476,7.95
California,Lake,13163,9200,1028,23391,Barack Obama,3963,10599,11496,2401,24496,Hillary Clinton,897,4.72
California,Lassen,3053,7296,334,10683,Mitt Romney,4243,7574,2224,726,10524,Donald Trump,5350,-1.49
California,Los Angeles,2216903,885333,78831,3181067,Barack Obama,1331570,769743,2464364,200201,3434308,Hillary Clinton,1694621,7.96
California,Madera,16018,22852,996,39866,Mitt Romney,6834,23357,17029,2726,43112,Donald Trump,6328,8.14
California,Marin,99896,30880,3740,134516,Barack Obama,69016,21771,108707,8795,139273,Hillary Clinton,86936,3.54
California,Mariposa,3498,5140,362,9000,Mitt Romney,1642,5185,3122,570,8877,Donald Trump,2063,-1.37
California,Mendocino,23193,9658,2166,35017,Barack Obama,13535,10888,22079,4510,37477,Hillary Clinton,11191,7.03
California,Merced,33005,27581,1471,62057,Barack Obama,5424,28725,37317,4747,70789,Hillary Clinton,8592,14.07
California,Modoc,1111,2777,98,3986,Mitt Romney,1666,2696,877,215,3788,Donald Trump,1819,-4.97
California,Mono,2733,2285,163,5181,Barack Obama,448,2111,2773,392,5276,Hillary Clinton,662,1.83
California,Monterey,82920,37390,3208,123518,Barack Obama,45530,34895,89088,9425,133408,Hillary Clinton,54193,8.01
California,Napa,35870,19526,1572,56968,Barack Obama,16344,17411,39199,4762,61372,Hillary Clinton,21788,7.73
California,Nevada,24663,24986,2027,51676,Mitt Romney,323,23365,26053,5517,54935,Hillary Clinton,2688,6.31
California,Orange,512440,582332,27892,1122664,Mitt Romney,69892,507148,609961,80412,1197521,Hillary Clinton,102813,6.67
California,Placer,66818,99921,4583,171322,Mitt Romney,33103,95138,73509,14192,182839,Donald Trump,21629,6.72
California,Plumas,4026,5721,300,10047,Mitt Romney,1695,5420,3459,797,9676,Donald Trump,1961,-3.69
California,Riverside,329063,318127,14717,661907,Barack Obama,10936,333243,373695,44453,751391,Hillary Clinton,40452,13.52
California,Sacramento,300503,202514,13792,516809,Barack Obama,97989,189789,326023,43518,559330,Hillary Clinton,136234,8.23
California,San Benito,11276,7343,425,19044,Barack Obama,3933,7841,12521,1562,21924,Hillary Clinton,4680,15.12
California,San Bernardino,305109,262358,14050,581517,Barack Obama,42751,271240,340833,41910,653983,Hillary Clinton,69593,12.46
California,San Diego,626957,536726,28599,1192282,Barack Obama,90231,477766,735476,93158,1306400,Hillary Clinton,257710,9.57
California,San Francisco,301723,47076,12410,361209,Barack Obama,254647,37688,345084,23020,405792,Hillary Clinton,307396,12.34
California,San Joaquin,114121,86071,4505,204697,Barack Obama,28050,88936,121124,14106,224166,Hillary Clinton,32188,9.51
California,San Luis Obispo,61258,59967,4413,125638,Barack Obama,1291,56164,67107,11738,135009,Hillary Clinton,10943,7.46
California,San Mateo,206085,72756,6879,285720,Barack Obama,133329,57929,237882,18573,314384,Hillary Clinton,179953,10.03
California,Santa Barbara,94129,64606,4585,163320,Barack Obama,29523,56365,107142,13279,176786,Hillary Clinton,50777,8.25
California,Santa Clara,450818,174843,17430,643091,Barack Obama,275975,144826,511684,47199,703709,Hillary Clinton,366858,9.43
California,Santa Cruz,90805,24047,5243,120095,Barack Obama,66758,22438,95249,11134,128821,Hillary Clinton,72811,7.27
California,Shasta,25819,48067,2449,76335,Mitt Romney,22248,51778,22301,5974,80053,Donald Trump,29477,4.87
California,Sierra,653,1056,86,1795,Mitt Romney,403,1048,601,181,1830,Donald Trump,447,1.95
California,Siskiyou,8046,11077,787,19910,Mitt Romney,3031,11341,7234,1917,20492,Donald Trump,4107,2.92
California,Solano,96783,52092,3569,152444,Barack Obama,44691,51920,102360,11833,166113,Hillary Clinton,50440,8.97
California,Sonoma,153942,54784,7782,216508,Barack Obama,99158,51408,160435,19410,231253,Hillary Clinton,109027,6.81
California,Stanislaus,77724,73459,4186,155369,Barack Obama,4265,78494,81647,12005,172146,Hillary Clinton,3153,10.8
California,Sutter,12192,18122,712,31026,Mitt Romney,5930,18176,13076,2271,33523,Donald Trump,5100,8.05
California,Tehama,7934,14235,808,22977,Mitt Romney,6301,15494,6809,1605,23908,Donald Trump,8685,4.05
California,Trinity,2674,2716,284,5674,Mitt Romney,42,2812,2214,660,5686,Donald Trump,598,0.21
California,Tulare,41752,56956,2392,101100,Mitt Romney,15204,58299,47585,6450,112334,Donald Trump,10714,11.11
California,Tuolumne,9998,13880,809,24687,Mitt Romney,3882,14551,9123,1855,25529,Donald Trump,5428,3.41
California,Ventura,170929,147958,8087,326974,Barack Obama,22971,132323,194402,25001,351726,Hillary Clinton,62079,7.57
California,Yolo,48715,23368,2392,74475,Barack Obama,25347,20739,54752,6599,82090,Hillary Clinton,34013,10.22
California,Yuba,7711,11275,714,19700,Mitt Romney,3564,13170,7910,1918,22998,Donald Trump,5260,16.74
Colorado,Adams,100649,70972,4609,176230,Barack Obama,29677,80082,96558,17025,193665,Hillary Clinton,16476,9.89
Colorado,Alamosa,3811,2705,199,6715,Barack Obama,1106,3046,3189,704,6939,Hillary Clinton,143,3.34
Colorado,Arapahoe,153905,125588,6023,285516,Barack Obama,28317,117053,159885,26108,303046,Hillary Clinton,42832,6.14
Colorado,Archuleta,2679,3872,183,6734,Mitt Romney,1193,4264,2500,575,7339,Donald Trump,1764,8.98
Colorado,Baca,467,1559,80,2106,Mitt Romney,1092,1753,283,117,2153,Donald Trump,1470,2.23
Colorado,Bent,815,1075,52,1942,Mitt Romney,260,1188,590,149,1927,Donald Trump,598,-0.77
Colorado,Boulder,125091,49981,4427,179499,Barack Obama,75110,41396,132334,14412,188142,Hillary Clinton,90938,4.82
Colorado,Broomfield,16966,15008,803,32777,Barack Obama,1958,14367,19731,3591,37689,Hillary Clinton,5364,14.99
Colorado,Chaffee,5086,5070,306,10462,Barack Obama,16,5391,4888,971,11250,Donald Trump,503,7.53
Colorado,Cheyenne,172,889,32,1093,Mitt Romney,717,925,132,45,1102,Donald Trump,793,0.82
Colorado,Clear Creek,3119,2430,194,5743,Barack Obama,689,2575,2729,562,5866,Hillary Clinton,154,2.14
Colorado,Conejos,2213,1835,53,4101,Barack Obama,378,1914,1771,337,4022,Donald Trump,143,-1.93
Colorado,Costilla,1340,446,51,1837,Barack Obama,894,588,1125,135,1848,Hillary Clinton,537,0.6
Colorado,Crowley,535,924,43,1502,Mitt Romney,389,1079,339,109,1527,Donald Trump,740,1.66
Colorado,Custer,868,1788,59,2715,Mitt Romney,920,2061,797,208,3066,Donald Trump,1264,12.93
Colorado,Delta,4622,10915,388,15925,Mitt Romney,6293,11655,4087,1048,16790,Donald Trump,7568,5.43
Colorado,Denver,222018,73111,6565,301694,Barack Obama,148907,62690,244551,24611,331852,Hillary Clinton,181861,10
Colorado,Dolores,334,859,52,1245,Mitt Romney,525,944,242,69,1255,Donald Trump,702,0.8
Colorado,Douglas,60991,104204,2586,167781,Mitt Romney,43213,102573,68657,16269,187499,Donald Trump,33916,11.75
Colorado,Eagle,12792,9411,465,22668,Barack Obama,3381,8990,14099,2134,25223,Hillary Clinton,5109,11.27
Colorado,El Paso,111819,170952,7404,290175,Mitt Romney,59133,179228,108010,31729,318967,Donald Trump,71218,9.92
Colorado,Elbert,3603,10266,309,14178,Mitt Romney,6663,11705,3134,1139,15978,Donald Trump,8571,12.7
Colorado,Fremont,6704,13174,538,20416,Mitt Romney,6470,15122,5297,1554,21973,Donald Trump,9825,7.63
Colorado,Garfield,11305,12535,568,24408,Mitt Romney,1230,13132,11271,2067,26470,Donald Trump,1861,8.45
Colorado,Gilpin,1892,1346,100,3338,Barack Obama,546,1566,1634,376,3576,Hillary Clinton,68,7.13
Colorado,Grand,3684,4253,250,8187,Mitt Romney,569,4494,3358,736,8588,Donald Trump,1136,4.9
Colorado,Gunnison,5044,3341,282,8667,Barack Obama,1703,3289,5128,995,9412,Hillary Clinton,1839,8.6
Colorado,Hinsdale,229,353,18,600,Mitt Romney,124,339,197,53,589,Donald Trump,142,-1.83
Colorado,Huerfano,1953,1646,115,3714,Barack Obama,307,1883,1633,267,3783,Donald Trump,250,1.86
Colorado,Jackson,216,600,32,848,Mitt Romney,384,629,171,61,861,Donald Trump,458,1.53
Colorado,Jefferson,159296,144197,7559,311052,Barack Obama,15099,138177,160776,29929,328882,Hillary Clinton,22599,5.73
Colorado,Kiowa,118,677,26,821,Mitt Romney,559,728,91,36,855,Donald Trump,637,4.14
Colorado,Kit Carson,838,2785,79,3702,Mitt Romney,1947,2967,536,199,3702,Donald Trump,2431,0
Colorado,La Plata,15489,12794,901,29184,Barack Obama,2695,12587,15525,3038,31150,Hillary Clinton,2938,6.74
Colorado,Lake,1839,1098,103,3040,Barack Obama,741,1270,1616,313,3199,Hillary Clinton,346,5.23
Colorado,Larimer,92747,82376,5057,180180,Barack Obama,10371,83430,93113,19437,195980,Hillary Clinton,9683,8.77
Colorado,Las Animas,3445,3263,154,6862,Barack Obama,182,3710,2650,433,6793,Donald Trump,1060,-1.01
Colorado,Lincoln,552,1687,48,2287,Mitt Romney,1135,1892,409,135,2436,Donald Trump,1483,6.52
Colorado,Logan,2712,6179,233,9124,Mitt Romney,3467,7282,1851,589,9722,Donald Trump,5431,6.55
Colorado,Mesa,23846,47472,1629,72947,Mitt Romney,23626,49779,21729,6145,77653,Donald Trump,28050,6.45
Colorado,Mineral,291,344,15,650,Mitt Romney,53,344,237,71,652,Donald Trump,107,0.31
Colorado,Moffat,1330,4695,143,6168,Mitt Romney,3365,5305,874,346,6525,Donald Trump,4431,5.79
Colorado,Montezuma,4542,7401,375,12318,Mitt Romney,2859,7853,3973,1032,12858,Donald Trump,3880,4.38
Colorado,Montrose,6138,13552,440,20130,Mitt Romney,7414,14382,5466,1338,21186,Donald Trump,8916,5.25
Colorado,Morgan,3912,6602,263,10777,Mitt Romney,2690,8145,3151,664,11960,Donald Trump,4994,10.98
Colorado,Otero,3647,4382,163,8192,Mitt Romney,735,4928,2943,581,8452,Donald Trump,1985,3.17
Colorado,Ouray,1646,1481,75,3202,Barack Obama,165,1351,1697,262,3310,Hillary Clinton,346,3.37
Colorado,Park,3862,5236,268,9366,Mitt Romney,1374,6135,3421,861,10417,Donald Trump,2714,11.22
Colorado,Phillips,588,1637,40,2265,Mitt Romney,1049,1791,436,105,2332,Donald Trump,1355,2.96
Colorado,Pitkin,6849,3024,202,10075,Barack Obama,3825,2550,7333,640,10523,Hillary Clinton,4783,4.45
Colorado,Prowers,1519,3230,114,4863,Mitt Romney,1711,3531,1186,299,5016,Donald Trump,2345,3.15
Colorado,Pueblo,42551,31894,1749,76194,Barack Obama,10657,36265,35875,6506,78646,Donald Trump,390,3.22
Colorado,Rio Blanco,568,2724,77,3369,Mitt Romney,2156,2791,436,223,3450,Donald Trump,2355,2.4
Colorado,Rio Grande,2478,2918,137,5533,Mitt Romney,440,3085,2001,448,5534,Donald Trump,1084,0.02
Colorado,Routt,7547,5469,301,13317,Barack Obama,2078,5230,7600,1156,13986,Hillary Clinton,2370,5.02
Colorado,Saguache,1864,964,102,2930,Barack Obama,900,1147,1417,271,2835,Hillary Clinton,270,-3.24
Colorado,San Juan,266,212,28,506,Barack Obama,54,215,265,26,506,Hillary Clinton,50,0
Colorado,San Miguel,2992,1154,110,4256,Barack Obama,1838,1033,2975,321,4329,Hillary Clinton,1942,1.72
Colorado,Sedgwick,419,881,38,1338,Mitt Romney,462,1015,267,82,1364,Donald Trump,748,1.94
Colorado,Summit,9347,5571,394,15312,Barack Obama,3776,5100,9557,1517,16174,Hillary Clinton,4457,5.63
Colorado,Teller,4333,8702,372,13407,Mitt Romney,4369,9745,3603,1096,14444,Donald Trump,6142,7.73
Colorado,Washington,468,2076,47,2591,Mitt Romney,1608,2299,296,138,2733,Donald Trump,2003,5.48
Colorado,Weld,49050,63775,3041,115866,Mitt Romney,14725,76651,46519,12258,135428,Donald Trump,30132,16.88
Colorado,Yuma,987,3490,100,4577,Mitt Romney,2503,3850,726,215,4791,Donald Trump,3124,4.68
Connecticut,Fairfield,217294,175168,3668,396130,Barack Obama,42126,160077,243852,17280,421209,Hillary Clinton,83775,6.33
Connecticut,Hartford,244639,143238,4363,392240,Barack Obama,101401,148173,240403,18288,406864,Hillary Clinton,92230,3.73
Connecticut,Litchfield,43856,47201,1370,92427,Mitt Romney,3345,53051,39775,4616,97442,Donald Trump,13276,5.43
Connecticut,Middlesex,47855,34591,1092,83538,Barack Obama,13264,38867,45357,4400,88624,Hillary Clinton,6490,6.09
Connecticut,New Haven,218972,138357,3697,361026,Barack Obama,80615,159048,205609,14349,379006,Hillary Clinton,46561,4.98
Connecticut,New London,67144,46119,1839,115102,Barack Obama,21025,54058,62278,7192,123528,Hillary Clinton,8220,7.32
Connecticut,Tolland,25957,19768,863,46588,Barack Obama,6189,34194,38506,4724,77424,Hillary Clinton,4312,66.19
Connecticut,Windham,25957,19768,769,46494,Barack Obama,6189,25747,21792,3284,50823,Donald Trump,3955,9.31
Delaware,Kent,35527,32135,1034,68696,Barack Obama,3392,36991,33351,4256,74598,Donald Trump,3640,8.59
Delaware,New Castle,167082,81230,3700,252012,Barack Obama,85852,85525,162919,13947,262391,Hillary Clinton,77394,4.12
Delaware,Sussex,39975,52119,1135,93229,Mitt Romney,12144,62611,39333,4064,106008,Donald Trump,23278,13.71
District of Columbia,District of Columbia,267070,21381,5313,293764,Barack Obama,245689,12723,282830,15715,311268,Hillary Clinton,270107,5.96
Florida,Alachua,69699,48797,1922,120418,Barack Obama,20902,46834,75820,5917,128571,Hillary Clinton,28986,6.77
Florida,Baker,2311,8975,82,11368,Mitt Romney,6664,10294,2112,228,12634,Donald Trump,8182,11.14
Florida,Bay,22051,56876,934,79861,Mitt Romney,34825,62194,21797,3462,87453,Donald Trump,40397,9.51
Florida,Bradford,3325,8219,91,11635,Mitt Romney,4894,8913,2924,261,12098,Donald Trump,5989,3.98
Florida,Brevard,122993,159300,3266,285559,Mitt Romney,36307,181848,119679,13225,314752,Donald Trump,62169,10.22
Florida,Broward,508312,244101,4009,756422,Barack Obama,264211,260951,553320,17680,831951,Hillary Clinton,292369,9.99
Florida,Calhoun,1664,4366,122,6152,Mitt Romney,2702,4655,1241,185,6081,Donald Trump,3414,-1.15
Florida,Charlotte,35906,47996,780,84682,Mitt Romney,12090,60218,33445,2711,96374,Donald Trump,26773,13.81
Florida,Citrus,28460,44662,813,73935,Mitt Romney,16202,54456,22789,2455,79700,Donald Trump,31667,7.8
Florida,Clay,25759,70022,808,96589,Mitt Romney,44263,74963,27822,3698,106483,Donald Trump,47141,10.24
Florida,Collier,51698,96520,894,149112,Mitt Romney,44822,105423,61085,4281,170789,Donald Trump,44338,14.54
Florida,Columbia,8462,18429,272,27163,Mitt Romney,9967,20368,7601,738,28707,Donald Trump,12767,5.68
Florida,Desoto,4174,5587,104,9865,Mitt Romney,1413,6778,3781,259,10818,Donald Trump,2997,9.66
Florida,Dixie,1798,5052,91,6941,Mitt Romney,3254,5822,1270,110,7202,Donald Trump,4552,3.76
Florida,Duval,196737,211615,3496,411848,Mitt Romney,14878,211672,205704,15319,432695,Donald Trump,5968,5.06
Florida,Escambia,58185,88711,1606,148502,Mitt Romney,30526,88808,57461,6200,152469,Donald Trump,31347,2.67
Florida,Flagler,23207,26969,419,50595,Mitt Romney,3762,33850,22026,1627,57503,Donald Trump,11824,13.65
Florida,Franklin,1845,3570,59,5474,Mitt Romney,1725,4125,1744,146,6015,Donald Trump,2381,9.88
Florida,Gadsden,15770,6630,99,22499,Barack Obama,9140,6728,15020,365,22113,Hillary Clinton,8292,-1.72
Florida,Gilchrist,1885,5917,107,7909,Mitt Romney,4032,6740,1458,222,8420,Donald Trump,5282,6.46
Florida,Glades,1603,2344,42,3989,Mitt Romney,741,2996,1271,86,4353,Donald Trump,1725,9.13
Florida,Gulf,2014,4995,99,7108,Mitt Romney,2981,5329,1720,244,7293,Donald Trump,3609,2.6
Florida,Hamilton,2228,3138,41,5407,Mitt Romney,910,3443,1904,113,5460,Donald Trump,1539,0.98
Florida,Hardee,2463,4696,67,7226,Mitt Romney,2233,5242,2149,192,7583,Donald Trump,3093,4.94
Florida,Hendry,4751,5355,79,10185,Mitt Romney,604,6195,4615,305,11115,Donald Trump,1580,9.13
Florida,Hernando,37830,44938,899,83667,Mitt Romney,7108,58970,31795,3031,93796,Donald Trump,27175,12.11
Florida,Highlands,16148,25915,381,42444,Mitt Romney,9767,29565,14937,1184,45686,Donald Trump,14628,7.64
Florida,Hillsborough,286467,250186,5449,542102,Barack Obama,36281,266870,307896,22894,597660,Hillary Clinton,41026,10.25
Florida,Holmes,1264,6919,91,8274,Mitt Romney,5655,7483,853,178,8514,Donald Trump,6630,2.9
Florida,Indian River,27492,43450,522,71464,Mitt Romney,15958,48620,29043,2346,80009,Donald Trump,19577,11.96
Florida,Jackson,7342,13418,181,20941,Mitt Romney,6076,14257,6397,387,21041,Donald Trump,7860,0.48
Florida,Jefferson,3945,3808,55,7808,Barack Obama,137,3930,3541,174,7645,Donald Trump,389,-2.09
Florida,Lafayette,687,2668,44,3399,Mitt Romney,1981,2809,518,65,3392,Donald Trump,2291,-0.21
Florida,Lake,61799,87643,1369,150811,Mitt Romney,25844,102188,62838,5436,170462,Donald Trump,39350,13.03
Florida,Lee,110157,154163,1846,266166,Mitt Romney,44006,191551,124908,9961,326420,Donald Trump,66643,22.64
Florida,Leon,90881,55805,1667,148353,Barack Obama,35076,53821,92068,6243,152132,Hillary Clinton,38247,2.55
Florida,Levy,6119,12054,226,18399,Mitt Romney,5935,13775,5101,519,19395,Donald Trump,8674,5.41
Florida,Liberty,942,2301,41,3284,Mitt Romney,1359,2543,651,102,3296,Donald Trump,1892,0.37
Florida,Madison,4176,4474,65,8715,Mitt Romney,298,4851,3526,128,8505,Donald Trump,1325,-2.41
Florida,Manatee,66503,85627,1361,153491,Mitt Romney,19124,101944,71224,5790,178958,Donald Trump,30720,16.59
Florida,Marion,66831,93043,1511,161385,Mitt Romney,26212,107833,62041,4826,174700,Donald Trump,45792,8.25
Florida,Martin,30107,48183,583,78873,Mitt Romney,18076,53204,30185,2403,85792,Donald Trump,23019,8.77
Florida,Miami-Dade,541440,332981,3893,878314,Barack Obama,208459,333999,624146,22059,980204,Hillary Clinton,290147,11.6
Florida,Monroe,19404,19234,419,39057,Barack Obama,170,21904,18971,1603,42478,Donald Trump,2933,8.76
Florida,Nassau,10251,29929,348,40528,Mitt Romney,19678,34266,10869,1472,46607,Donald Trump,23397,15
Florida,Okaloosa,23421,70168,1209,94798,Mitt Romney,46747,71893,23780,5182,100855,Donald Trump,48113,6.39
Florida,Okeechobee,4856,7328,140,12324,Mitt Romney,2472,9356,3959,338,13653,Donald Trump,5397,10.78
Florida,Orange,273665,188589,4105,466359,Barack Obama,85076,195216,329894,21165,546275,Hillary Clinton,134678,17.14
Florida,Osceola,67239,40592,867,108698,Barack Obama,26647,50301,85458,4447,140206,Hillary Clinton,35157,28.99
Florida,Palm Beach,349651,247398,3672,600721,Barack Obama,102253,272402,374673,15257,662332,Hillary Clinton,102271,10.26
Florida,Pasco,98263,112427,2883,213573,Mitt Romney,14164,142101,90142,8896,241139,Donald Trump,51959,12.91
Florida,Pinellas,239104,213258,5340,457702,Barack Obama,25846,239201,233701,19501,492403,Donald Trump,5500,7.58
Florida,Polk,114622,131577,2484,248683,Mitt Romney,16955,157430,117433,9451,284314,Donald Trump,39997,14.33
Florida,Putnam,11667,19326,331,31324,Mitt Romney,7659,22138,10094,885,33117,Donald Trump,12044,5.72
Florida,Santa Rosa,17768,58186,892,76846,Mitt Romney,40418,65339,18464,3942,87745,Donald Trump,46875,14.18
Florida,Sarasota,95119,110504,1857,207480,Mitt Romney,15385,124438,97870,6755,229063,Donald Trump,26568,10.4
Florida,Seminole,96445,109943,2232,208620,Mitt Romney,13498,109443,105914,9539,224896,Donald Trump,3529,7.8
Florida,St. Johns,35190,78513,1092,114795,Mitt Romney,43323,88684,43099,4731,136514,Donald Trump,45585,18.92
Florida,St. Lucie,65869,56202,956,123027,Barack Obama,9667,70289,66881,3677,140847,Donald Trump,3408,14.48
Florida,Sumter,19524,40646,309,60479,Mitt Romney,21122,52730,22638,1297,76665,Donald Trump,30092,26.76
Florida,Suwannee,4751,12672,206,17629,Mitt Romney,7921,14287,3964,443,18694,Donald Trump,10323,6.04
Florida,Taylor,2764,6249,107,9120,Mitt Romney,3485,6930,2152,208,9290,Donald Trump,4778,1.86
Florida,Union,1339,3980,74,5393,Mitt Romney,2641,4568,1014,112,5694,Donald Trump,3554,5.58
Florida,Volusia,114748,117490,2298,234536,Mitt Romney,2742,143007,109091,8771,260869,Donald Trump,33916,11.23
Florida,Wakulla,5175,9290,195,14660,Mitt Romney,4115,10512,4348,491,15351,Donald Trump,6164,4.71
Florida,Walton,6671,21490,333,28494,Mitt Romney,14819,25756,6876,1005,33637,Donald Trump,18880,18.05
Florida,Washington,2820,8038,141,10999,Mitt Romney,5218,8637,2264,255,11156,Donald Trump,6373,1.43
Georgia,Appling,1758,5233,95,7086,Mitt Romney,3475,5494,1434,84,7012,Donald Trump,4060,-1.04
Georgia,Atkinson,930,1938,34,2902,Mitt Romney,1008,1878,697,35,2610,Donald Trump,1181,-10.06
Georgia,Bacon,791,3093,47,3931,Mitt Romney,2302,3364,608,48,4020,Donald Trump,2756,2.26
Georgia,Baker,794,785,10,1589,Barack Obama,9,775,650,15,1440,Donald Trump,125,-9.38
Georgia,Baldwin,8483,7589,166,16238,Barack Obama,894,7697,7970,449,16116,Hillary Clinton,273,-0.75
Georgia,Banks,780,5354,61,6195,Mitt Romney,4574,6134,684,157,6975,Donald Trump,5450,12.59
Georgia,Barrow,6028,18725,446,25199,Mitt Romney,12697,21108,6580,1372,29060,Donald Trump,14528,15.32
Georgia,Bartow,8396,26876,530,35802,Mitt Romney,18480,29911,8212,1427,39550,Donald Trump,21699,10.47
Georgia,Ben Hill,2512,3396,48,5956,Mitt Romney,884,3739,2101,96,5936,Donald Trump,1638,-0.34
Georgia,Berrien,1273,4843,85,6201,Mitt Romney,3570,5422,1047,121,6590,Donald Trump,4375,6.27
Georgia,Bibb,38585,25623,510,64718,Barack Obama,12962,24043,36787,1766,62596,Hillary Clinton,12744,-3.28
Georgia,Bleckley,1269,3587,51,4907,Mitt Romney,2318,3719,1101,154,4974,Donald Trump,2618,1.37
Georgia,Brantley,939,4964,99,6002,Mitt Romney,4025,5567,619,115,6301,Donald Trump,4948,4.98
Georgia,Brooks,3138,3554,50,6742,Mitt Romney,416,3701,2528,107,6336,Donald Trump,1173,-6.02
Georgia,Bryan,3707,9560,186,13453,Mitt Romney,5853,10529,4014,630,15173,Donald Trump,6515,12.79
Georgia,Bulloch,9593,14174,318,24085,Mitt Romney,4581,15097,9261,958,25316,Donald Trump,5836,5.11
Georgia,Burke,5405,4301,73,9779,Barack Obama,1104,4491,4731,129,9351,Hillary Clinton,240,-4.38
Georgia,Butts,2968,6306,107,9381,Mitt Romney,3338,6717,2566,231,9514,Donald Trump,4151,1.42
Georgia,Calhoun,1298,883,7,2188,Barack Obama,415,830,1179,16,2025,Hillary Clinton,349,-7.45
Georgia,Camden,6377,11343,263,17983,Mitt Romney,4966,12310,5930,661,18901,Donald Trump,6380,5.1
Georgia,Candler,1157,2344,27,3528,Mitt Romney,1187,2664,1026,73,3763,Donald Trump,1638,6.66
Georgia,Carroll,12688,28280,581,41549,Mitt Romney,15592,30029,12464,1628,44121,Donald Trump,17565,6.19
Georgia,Catoosa,5365,17858,455,23678,Mitt Romney,12493,20876,4771,1110,26757,Donald Trump,16105,13
Georgia,Charlton,1197,2527,40,3764,Mitt Romney,1330,2951,1004,61,4016,Donald Trump,1947,6.7
Georgia,Chatham,60246,47204,1178,108628,Barack Obama,13042,45688,62290,4164,112142,Hillary Clinton,16602,3.23
Georgia,Chattahoochee,729,735,26,1490,Mitt Romney,6,751,594,45,1390,Donald Trump,157,-6.71
Georgia,Chattooga,2232,5452,138,7822,Mitt Romney,3220,6462,1613,177,8252,Donald Trump,4849,5.5
Georgia,Cherokee,19841,76514,1865,98220,Mitt Romney,56673,80649,25231,6163,112043,Donald Trump,55418,14.07
Georgia,Clarke,25431,13815,1122,40368,Barack Obama,11616,12717,29603,2656,44976,Hillary Clinton,16886,11.41
Georgia,Clay,862,537,3,1402,Barack Obama,325,566,697,10,1273,Hillary Clinton,131,-9.2
Georgia,Clayton,81479,14164,424,96067,Barack Obama,67315,12645,78220,1994,92859,Hillary Clinton,65575,-3.34
Georgia,Clinch,852,1598,22,2472,Mitt Romney,746,1727,686,42,2455,Donald Trump,1041,-0.69
Georgia,Cobb,133124,171722,5270,310116,Mitt Romney,38598,152912,160121,17786,330819,Hillary Clinton,7209,6.68
Georgia,Coffee,5057,9248,149,14454,Mitt Romney,4191,9588,4094,233,13915,Donald Trump,5494,-3.73
Georgia,Colquitt,3973,9243,112,13328,Mitt Romney,5270,9898,3463,263,13624,Donald Trump,6435,2.22
Georgia,Columbia,16451,41765,707,58923,Mitt Romney,25314,43085,18887,2771,64743,Donald Trump,24198,9.88
Georgia,Cook,2042,3935,54,6031,Mitt Romney,1893,4176,1753,128,6057,Donald Trump,2423,0.43
Georgia,Coweta,15168,39653,734,55555,Mitt Romney,24485,42533,16583,2629,61745,Donald Trump,25950,11.14
Georgia,Crawford,1706,3368,59,5133,Mitt Romney,1662,3635,1421,120,5176,Donald Trump,2214,0.84
Georgia,Crisp,3167,4182,47,7396,Mitt Romney,1015,4549,2837,126,7512,Donald Trump,1712,1.57
Georgia,Dade,1411,4471,138,6020,Mitt Romney,3060,5051,965,226,6242,Donald Trump,4086,3.69
Georgia,Dawson,1241,8847,156,10244,Mitt Romney,7606,9900,1448,417,11765,Donald Trump,8452,14.85
Georgia,DeKalb,238224,64392,3649,306265,Barack Obama,173832,51468,251370,11919,314757,Hillary Clinton,199902,2.77
Georgia,Decatur,4591,5824,70,10485,Mitt Romney,1233,6020,4124,142,10286,Donald Trump,1896,-1.9
Georgia,Dodge,2442,5214,77,7733,Mitt Romney,2772,5021,1839,149,7009,Donald Trump,3182,-9.36
Georgia,Dooly,2285,1985,28,4298,Barack Obama,300,1951,1872,36,3859,Donald Trump,79,-10.21
Georgia,Dougherty,26295,11449,175,37919,Barack Obama,14846,10232,23311,544,34087,Hillary Clinton,13079,-10.11
Georgia,Douglas,28441,26241,585,55267,Barack Obama,2200,24817,31005,1916,57738,Hillary Clinton,6188,4.47
Georgia,Early,2765,2557,31,5353,Barack Obama,208,2552,2168,65,4785,Donald Trump,384,-10.61
Georgia,Echols,173,917,12,1102,Mitt Romney,744,1007,156,19,1182,Donald Trump,851,7.26
Georgia,Effingham,4947,15596,273,20816,Mitt Romney,10649,17874,4853,731,23458,Donald Trump,13021,12.69
Georgia,Elbert,3181,4859,103,8143,Mitt Romney,1678,5292,2539,156,7987,Donald Trump,2753,-1.92
Georgia,Emanuel,2927,5100,56,8083,Mitt Romney,2173,5335,2435,90,7860,Donald Trump,2900,-2.76
Georgia,Evans,1268,2268,27,3563,Mitt Romney,1000,2404,1130,79,3613,Donald Trump,1274,1.4
Georgia,Fannin,2028,7857,132,10017,Mitt Romney,5829,9632,1923,257,11812,Donald Trump,7709,17.92
Georgia,Fayette,19736,38075,757,58568,Mitt Romney,18339,35048,23284,2581,60913,Donald Trump,11764,4
Georgia,Floyd,9640,22733,456,32829,Mitt Romney,13093,24114,9159,1335,34608,Donald Trump,14955,5.42
Georgia,Forsyth,14571,65908,1252,81731,Mitt Romney,51337,69851,23462,4908,98221,Donald Trump,46389,20.18
Georgia,Franklin,1499,6114,149,7762,Mitt Romney,4615,7054,1243,205,8502,Donald Trump,5811,9.53
Georgia,Fulton,255470,137124,4819,397413,Barack Obama,118346,117783,297051,16557,431391,Hillary Clinton,179268,8.55
Georgia,Gilmer,1958,8926,134,11018,Mitt Romney,6968,10477,1965,331,12773,Donald Trump,8512,15.93
Georgia,Glascock,176,1135,22,1333,Mitt Romney,959,1235,138,17,1390,Donald Trump,1097,4.28
Georgia,Glynn,11950,20893,290,33133,Mitt Romney,8943,21512,11775,976,34263,Donald Trump,9737,3.41
Georgia,Gordon,3440,13197,260,16897,Mitt Romney,9757,15191,3181,587,18959,Donald Trump,12010,12.2
Georgia,Grady,3419,5924,53,9396,Mitt Romney,2505,6053,3013,147,9213,Donald Trump,3040,-1.95
Georgia,Greene,3201,5071,51,8323,Mitt Romney,1870,5490,3199,163,8852,Donald Trump,2291,6.36
Georgia,Gwinnett,132509,159855,4364,296728,Mitt Romney,27346,146989,166153,15189,328331,Hillary Clinton,19164,10.65
Georgia,Habersham,2301,12166,174,14641,Mitt Romney,9865,13190,2483,570,16243,Donald Trump,10707,10.94
Georgia,Hall,12999,47481,884,61364,Mitt Romney,34482,51733,16180,2781,70694,Donald Trump,35553,15.2
Georgia,Hancock,3308,769,11,4088,Barack Obama,2539,843,2701,36,3580,Hillary Clinton,1858,-12.43
Georgia,Haralson,1789,8446,141,10376,Mitt Romney,6657,9585,1475,297,11357,Donald Trump,8110,9.45
Georgia,Harris,4145,11197,146,15488,Mitt Romney,7052,11936,4086,480,16502,Donald Trump,7850,6.55
Georgia,Hart,2870,6517,124,9511,Mitt Romney,3647,7286,2585,246,10117,Donald Trump,4701,6.37
Georgia,Heard,948,3160,64,4172,Mitt Romney,2212,3370,743,110,4223,Donald Trump,2627,1.22
Georgia,Henry,43761,46774,843,91378,Mitt Romney,3013,45724,50057,2985,98766,Hillary Clinton,4333,8.09
Georgia,Houston,22702,34662,692,58056,Mitt Romney,11960,35430,22553,2096,60079,Donald Trump,12877,3.48
Georgia,Irwin,1141,2538,30,3709,Mitt Romney,1397,2716,891,63,3670,Donald Trump,1825,-1.05
Georgia,Jackson,4238,19135,331,23704,Mitt Romney,14897,21784,4491,915,27190,Donald Trump,17293,14.71
Georgia,Jasper,1845,4136,50,6031,Mitt Romney,2291,4360,1544,141,6045,Donald Trump,2816,0.23
Georgia,Jeff Davis,1275,3996,65,5336,Mitt Romney,2721,4104,901,91,5096,Donald Trump,3203,-4.5
Georgia,Jefferson,4261,2999,38,7298,Barack Obama,1262,3063,3821,84,6968,Hillary Clinton,758,-4.52
Georgia,Jenkins,1488,1887,15,3390,Mitt Romney,399,1895,1123,38,3056,Donald Trump,772,-9.85
Georgia,Johnson,1305,2440,27,3772,Mitt Romney,1135,2519,1136,31,3686,Donald Trump,1383,-2.28
Georgia,Jones,4274,7744,87,12105,Mitt Romney,3470,8305,3961,285,12551,Donald Trump,4344,3.68
Georgia,Lamar,2602,4899,91,7592,Mitt Romney,2297,5190,2270,152,7612,Donald Trump,2920,0.26
Georgia,Lanier,1114,1820,38,2972,Mitt Romney,706,1984,806,81,2871,Donald Trump,1178,-3.4
Georgia,Laurens,7513,11950,141,19604,Mitt Romney,4437,12411,6752,367,19530,Donald Trump,5659,-0.38
Georgia,Lee,3196,10314,118,13628,Mitt Romney,7118,10646,3170,327,14143,Donald Trump,7476,3.78
Georgia,Liberty,10457,5565,148,16170,Barack Obama,4892,6134,9556,453,16143,Hillary Clinton,3422,-0.17
Georgia,Lincoln,1586,2807,33,4426,Mitt Romney,1221,2759,1273,70,4102,Donald Trump,1486,-7.32
Georgia,Long,1442,2306,54,3802,Mitt Romney,864,2626,1360,131,4117,Donald Trump,1266,8.29
Georgia,Lowndes,17470,21327,340,39137,Mitt Romney,3857,21635,15064,1106,37805,Donald Trump,6571,-3.4
Georgia,Lumpkin,2055,8647,203,10905,Mitt Romney,6592,9619,2220,586,12425,Donald Trump,7399,13.94
Georgia,Macon,3211,1545,25,4781,Barack Obama,1666,1540,2705,42,4287,Hillary Clinton,1165,-10.33
Georgia,Madison,2494,8443,167,11104,Mitt Romney,5949,9201,2425,372,11998,Donald Trump,6776,8.05
Georgia,Marion,1412,1733,25,3170,Mitt Romney,321,1921,1213,56,3190,Donald Trump,708,0.63
Georgia,McDuffie,4044,5475,73,9592,Mitt Romney,1431,5432,3699,137,9268,Donald Trump,1733,-3.38
Georgia,McIntosh,2864,3409,68,6341,Mitt Romney,545,3487,2303,113,5903,Donald Trump,1184,-6.91
Georgia,Meriwether,4331,4856,77,9264,Mitt Romney,525,5222,3804,191,9217,Donald Trump,1418,-0.51
Georgia,Miller,852,1905,18,2775,Mitt Romney,1053,1891,623,30,2544,Donald Trump,1268,-8.32
Georgia,Mitchell,4081,4155,39,8275,Mitt Romney,74,4279,3493,108,7880,Donald Trump,786,-4.77
Georgia,Monroe,3785,8361,131,12277,Mitt Romney,4576,8832,3571,284,12687,Donald Trump,5261,3.34
Georgia,Montgomery,1135,2662,35,3832,Mitt Romney,1527,2670,847,59,3576,Donald Trump,1823,-6.68
Georgia,Morgan,2753,6186,88,9027,Mitt Romney,3433,6559,2663,253,9475,Donald Trump,3896,4.96
Georgia,Murray,2542,8443,232,11217,Mitt Romney,5901,10341,1800,317,12458,Donald Trump,8541,11.06
Georgia,Muscogee,42573,27510,520,70603,Barack Obama,15063,26976,39851,2205,69032,Hillary Clinton,12875,-2.23
Georgia,Newton,21851,20982,401,43234,Barack Obama,869,20913,21943,1131,43987,Hillary Clinton,1030,1.74
Georgia,Oconee,4421,13098,298,17817,Mitt Romney,8677,13425,5581,1143,20149,Donald Trump,7844,13.09
Georgia,Oglethorpe,1914,4251,108,6273,Mitt Romney,2337,4625,1831,218,6674,Donald Trump,2794,6.39
Georgia,Paulding,15825,40846,728,57399,Mitt Romney,25021,44662,18025,2203,64890,Donald Trump,26637,13.05
Georgia,Peach,6148,5287,81,11516,Barack Obama,861,5413,5100,239,10752,Donald Trump,313,-6.63
Georgia,Pickens,1975,10547,158,12680,Mitt Romney,8572,11651,1979,408,14038,Donald Trump,9672,10.71
Georgia,Pierce,1124,5667,55,6846,Mitt Romney,4543,6302,903,106,7311,Donald Trump,5399,6.79
Georgia,Pike,1356,6668,85,8109,Mitt Romney,5312,7278,1240,207,8725,Donald Trump,6038,7.6
Georgia,Polk,3615,9811,182,13608,Mitt Romney,6196,11014,2867,334,14215,Donald Trump,8147,4.46
Georgia,Pulaski,1219,2444,19,3682,Mitt Romney,1225,2437,1104,64,3605,Donald Trump,1333,-2.09
Georgia,Putnam,2926,6215,81,9222,Mitt Romney,3289,6544,2758,186,9488,Donald Trump,3786,2.88
Georgia,Quitman,612,510,6,1128,Barack Obama,102,575,461,8,1044,Donald Trump,114,-7.45
Georgia,Rabun,1559,5754,150,7463,Mitt Romney,4195,6287,1444,261,7992,Donald Trump,4843,7.09
Georgia,Randolph,1770,1271,17,3058,Barack Obama,499,1271,1598,30,2899,Hillary Clinton,327,-5.2
Georgia,Richmond,52560,25845,615,79020,Barack Obama,26715,24461,48814,2240,75515,Hillary Clinton,24353,-4.44
Georgia,Rockdale,22023,15716,346,38085,Barack Obama,6307,13478,23255,1136,37869,Hillary Clinton,9777,-0.57
Georgia,Schley,448,1286,14,1748,Mitt Romney,838,1472,401,36,1909,Donald Trump,1071,9.21
Georgia,Screven,2774,3287,39,6100,Mitt Romney,513,3305,2300,110,5715,Donald Trump,1005,-6.31
Georgia,Seminole,1478,2245,46,3769,Mitt Romney,767,2345,1189,54,3588,Donald Trump,1156,-4.8
Georgia,Spalding,9898,14911,279,25088,Mitt Romney,5013,15646,9357,701,25704,Donald Trump,6289,2.46
Georgia,Stephens,2131,7221,146,9498,Mitt Romney,5090,7686,1837,292,9815,Donald Trump,5849,3.34
Georgia,Stewart,1323,745,8,2076,Barack Obama,578,805,1222,31,2058,Hillary Clinton,417,-0.87
Georgia,Sumter,6375,5378,78,11831,Barack Obama,997,5276,5520,178,10974,Hillary Clinton,244,-7.24
Georgia,Talbot,2265,1202,24,3491,Barack Obama,1063,1196,2002,48,3246,Hillary Clinton,806,-7.02
Georgia,Taliaferro,636,323,4,963,Barack Obama,313,349,545,3,897,Hillary Clinton,196,-6.85
Georgia,Tattnall,1897,4706,64,6667,Mitt Romney,2809,5096,1681,126,6903,Donald Trump,3415,3.54
Georgia,Taylor,1572,1948,18,3538,Mitt Romney,376,2064,1296,48,3408,Donald Trump,768,-3.67
Georgia,Telfair,1805,2480,51,4336,Mitt Romney,675,2450,1313,33,3796,Donald Trump,1137,-12.45
Georgia,Terrell,2544,1834,20,4398,Barack Obama,710,1874,2267,48,4189,Hillary Clinton,393,-4.75
Georgia,Thomas,7653,11156,144,18953,Mitt Romney,3503,11228,7142,432,18802,Donald Trump,4086,-0.8
Georgia,Tift,4660,9185,82,13927,Mitt Romney,4525,9584,4347,288,14219,Donald Trump,5237,2.1
Georgia,Toombs,2746,6524,74,9344,Mitt Romney,3778,6615,2338,185,9138,Donald Trump,4277,-2.2
Georgia,Towns,1273,4876,62,6211,Mitt Romney,3603,5383,1210,171,6764,Donald Trump,4173,8.9
Georgia,Treutlen,1074,1652,24,2750,Mitt Romney,578,1809,862,32,2703,Donald Trump,947,-1.71
Georgia,Troup,10547,15179,260,25986,Mitt Romney,4632,15750,9713,648,26111,Donald Trump,6037,0.48
Georgia,Turner,1510,2028,21,3559,Mitt Romney,518,2095,1246,57,3398,Donald Trump,849,-4.52
Georgia,Twiggs,2270,1907,25,4202,Barack Obama,363,2035,1971,53,4059,Donald Trump,64,-3.4
Georgia,Union,2139,8773,167,11079,Mitt Romney,6634,9852,1963,248,12063,Donald Trump,7889,8.88
Georgia,Upson,3959,7230,74,11263,Mitt Romney,3271,7292,3475,167,10934,Donald Trump,3817,-2.92
Georgia,Walker,5274,16247,375,21896,Mitt Romney,10973,18950,4215,791,23956,Donald Trump,14735,9.41
Georgia,Walton,8148,29036,428,37612,Mitt Romney,20888,31125,8292,1281,40698,Donald Trump,22833,8.2
Georgia,Ware,3900,7941,98,11939,Mitt Romney,4041,8513,3440,231,12184,Donald Trump,5073,2.05
Georgia,Warren,1529,990,7,2526,Barack Obama,539,991,1314,29,2334,Hillary Clinton,323,-7.6
Georgia,Washington,4714,4035,59,8808,Barack Obama,679,4149,4200,112,8461,Hillary Clinton,51,-3.94
Georgia,Wayne,2596,7557,116,10269,Mitt Romney,4961,8153,2041,219,10413,Donald Trump,6112,1.4
Georgia,Webster,582,601,4,1187,Mitt Romney,19,630,473,13,1116,Donald Trump,157,-5.98
Georgia,Wheeler,772,1366,22,2160,Mitt Romney,594,1421,646,35,2102,Donald Trump,775,-2.69
Georgia,White,1671,8651,166,10488,Mitt Romney,6980,9761,1674,388,11823,Donald Trump,8087,12.73
Georgia,Whitfield,7210,19305,361,26876,Mitt Romney,12095,21537,7937,1184,30658,Donald Trump,13600,14.07
Georgia,Wilcox,1060,2053,16,3129,Mitt Romney,993,2096,852,28,2976,Donald Trump,1244,-4.89
Georgia,Wilkes,2087,2635,39,4761,Mitt Romney,548,2572,1848,66,4486,Donald Trump,724,-5.78
Georgia,Wilkinson,2181,2246,23,4450,Mitt Romney,65,2333,1894,60,4287,Donald Trump,439,-3.66
Georgia,Worth,2487,5869,63,8419,Mitt Romney,3382,6152,2020,123,8295,Donald Trump,4132,-1.47
Hawaii,Hawaii,47224,14753,1477,63454,Barack Obama,32471,17501,41259,6107,64867,Hillary Clinton,23758,2.23
Hawaii,Honolulu,204349,88461,3932,296742,Barack Obama,115888,90326,175696,19768,285790,Hillary Clinton,85370,-3.69
Hawaii,Kauai,18641,6121,610,25372,Barack Obama,12520,7574,16456,2305,26335,Hillary Clinton,8882,3.8
Hawaii,Maui,36052,11602,999,48653,Barack Obama,24450,13446,33480,5019,51945,Hillary Clinton,20034,6.77
Idaho,Ada,77137,97554,5855,180546,Mitt Romney,20417,93752,75677,26240,195669,Donald Trump,18075,8.38
Idaho,Adams,577,1413,70,2060,Mitt Romney,836,1556,415,212,2183,Donald Trump,1141,5.97
Idaho,Bannock,13214,21010,1036,35260,Mitt Romney,7796,17180,10342,5894,33416,Donald Trump,6838,-5.23
Idaho,Bear Lake,302,2489,31,2822,Mitt Romney,2187,2203,255,470,2928,Donald Trump,1948,3.76
Idaho,Benewah,1164,2596,124,3884,Mitt Romney,1432,3103,770,312,4185,Donald Trump,2333,7.75
Idaho,Bingham,3822,13440,341,17603,Mitt Romney,9618,10907,2924,2794,16625,Donald Trump,7983,-5.56
Idaho,Blaine,5992,3939,263,10194,Barack Obama,2053,3340,6416,968,10724,Hillary Clinton,3076,5.2
Idaho,Boise,1053,2284,108,3445,Mitt Romney,1231,2673,777,364,3814,Donald Trump,1896,10.71
Idaho,Bonner,6500,11367,669,18536,Mitt Romney,4867,13343,5819,1781,20943,Donald Trump,7524,12.99
Idaho,Bonneville,9903,32276,1034,43213,Mitt Romney,22373,26699,8930,8592,44221,Donald Trump,17769,2.33
Idaho,Boundary,1225,3138,181,4544,Mitt Romney,1913,3789,933,441,5163,Donald Trump,2856,13.62
Idaho,Butte,258,1001,27,1286,Mitt Romney,743,914,160,156,1230,Donald Trump,754,-4.35
Idaho,Camas,159,402,17,578,Mitt Romney,243,410,110,70,590,Donald Trump,300,2.08
Idaho,Canyon,19866,44369,1855,66090,Mitt Romney,24503,47222,16883,8680,72785,Donald Trump,30339,10.13
Idaho,Caribou,386,2608,58,3052,Mitt Romney,2222,2275,271,489,3035,Donald Trump,2004,-0.56
Idaho,Cassia,1098,7154,144,8396,Mitt Romney,6056,5949,1036,1193,8178,Donald Trump,4913,-2.6
Idaho,Clark,66,235,27,328,Mitt Romney,169,203,44,36,283,Donald Trump,159,-13.72
Idaho,Clearwater,1032,2541,123,3696,Mitt Romney,1509,2852,704,245,3801,Donald Trump,2148,2.84
Idaho,Custer,530,1744,78,2352,Mitt Romney,1214,1777,427,210,2414,Donald Trump,1350,2.64
Idaho,Elmore,2513,5227,261,8001,Mitt Romney,2714,5816,1814,892,8522,Donald Trump,4002,6.51
Idaho,Franklin,325,5195,80,5600,Mitt Romney,4870,3901,385,1213,5499,Donald Trump,3516,-1.8
Idaho,Fremont,810,4907,85,5802,Mitt Romney,4097,4090,651,974,5715,Donald Trump,3439,-1.5
Idaho,Gem,1957,5311,222,7490,Mitt Romney,3354,5980,1229,745,7954,Donald Trump,4751,6.19
Idaho,Gooding,1287,3696,135,5118,Mitt Romney,2409,3743,930,518,5191,Donald Trump,2813,1.43
Idaho,Idaho,1708,5921,208,7837,Mitt Romney,4213,6441,1196,596,8233,Donald Trump,5245,5.05
Idaho,Jefferson,1303,9895,183,11381,Mitt Romney,8592,8436,976,2063,11475,Donald Trump,7460,0.83
Idaho,Jerome,1699,4804,178,6681,Mitt Romney,3105,4644,1329,778,6751,Donald Trump,3315,1.05
Idaho,Kootenai,18851,39381,1596,59828,Mitt Romney,20530,44449,16264,5597,66310,Donald Trump,28185,10.83
Idaho,Latah,8306,7589,864,16759,Barack Obama,717,7265,8093,2815,18173,Hillary Clinton,828,8.44
Idaho,Lemhi,960,3029,121,4110,Mitt Romney,2069,3011,733,352,4096,Donald Trump,2278,-0.34
Idaho,Lewis,396,1173,45,1614,Mitt Romney,777,1202,270,118,1590,Donald Trump,932,-1.49
Idaho,Lincoln,469,1141,52,1662,Mitt Romney,672,1184,360,204,1748,Donald Trump,824,5.17
Idaho,Madison,832,13445,135,14412,Mitt Romney,12613,8941,1201,5546,15688,Donald Trump,7740,8.85
Idaho,Minidoka,1390,5442,141,6973,Mitt Romney,4052,4887,1167,817,6871,Donald Trump,3720,-1.46
Idaho,Nez Perce,6451,9967,430,16848,Mitt Romney,3516,10699,4828,1674,17201,Donald Trump,5871,2.1
Idaho,Oneida,217,1838,34,2089,Mitt Romney,1621,1531,184,353,2068,Donald Trump,1347,-1.01
Idaho,Owyhee,833,2794,97,3724,Mitt Romney,1961,3052,591,282,3925,Donald Trump,2461,5.4
Idaho,Payette,2271,6004,220,8495,Mitt Romney,3733,6489,1507,708,8704,Donald Trump,4982,2.46
Idaho,Power,982,1870,51,2903,Mitt Romney,888,1666,699,393,2758,Donald Trump,967,-4.99
Idaho,Shoshone,2277,2699,172,5148,Mitt Romney,422,3297,1384,439,5120,Donald Trump,1913,-0.54
Idaho,Teton,1926,2458,139,4523,Mitt Romney,532,2167,2159,650,4976,Donald Trump,8,10.02
Idaho,Twin Falls,7541,19773,828,28142,Mitt Romney,12232,19828,6233,3813,29874,Donald Trump,13595,6.15
Idaho,Valley,2095,2664,160,4919,Mitt Romney,569,2906,1913,530,5349,Donald Trump,993,8.74
Idaho,Washington,1104,3128,98,4330,Mitt Romney,2024,3283,776,396,4455,Donald Trump,2507,2.89
Illinois,Adams,9648,20416,543,30607,Mitt Romney,10768,22790,7676,1485,31951,Donald Trump,15114,4.39
Illinois,Alexander,1965,1487,49,3501,Barack Obama,478,1496,1262,88,2846,Donald Trump,234,-18.71
Illinois,Bond,3020,4095,221,7336,Mitt Romney,1075,4888,2068,574,7530,Donald Trump,2820,2.64
Illinois,Boone,9883,11096,386,21365,Mitt Romney,1213,12282,8986,1733,23001,Donald Trump,3296,7.66
Illinois,Brown,787,1513,64,2364,Mitt Romney,726,1796,476,107,2379,Donald Trump,1320,0.63
Illinois,Bureau,8134,8164,333,16631,Mitt Romney,30,9281,6029,1261,16571,Donald Trump,3252,-0.36
Illinois,Calhoun,1080,1440,56,2576,Mitt Romney,360,1721,739,111,2571,Donald Trump,982,-0.19
Illinois,Carroll,3665,3555,166,7386,Barack Obama,110,4434,2447,564,7445,Donald Trump,1987,0.8
Illinois,Cass,2053,2707,102,4862,Mitt Romney,654,3216,1621,287,5124,Donald Trump,1595,5.39
Illinois,Champaign,40831,35312,2216,78359,Barack Obama,5519,33368,50137,8123,91628,Hillary Clinton,16769,16.93
Illinois,Christian,5494,8885,322,14701,Mitt Romney,3391,10543,3992,924,15459,Donald Trump,6551,5.16
Illinois,Clark,2591,5144,125,7860,Mitt Romney,2553,5622,1877,429,7928,Donald Trump,3745,0.87
Illinois,Clay,1584,4190,134,5908,Mitt Romney,2606,5021,1020,309,6350,Donald Trump,4001,7.48
Illinois,Clinton,5596,10524,330,16450,Mitt Romney,4928,12412,3945,1062,17419,Donald Trump,8467,5.89
Illinois,Coles,9262,11631,465,21358,Mitt Romney,2369,13003,7309,1551,21863,Donald Trump,5694,2.36
Illinois,Cook,1488537,495542,27518,2011597,Barack Obama,992995,453287,1611946,93382,2158615,Hillary Clinton,1158659,7.31
Illinois,Crawford,2858,5585,166,8609,Mitt Romney,2727,6277,1992,459,8728,Donald Trump,4285,1.38
Illinois,Cumberland,1641,3509,145,5295,Mitt Romney,1868,4206,1031,330,5567,Donald Trump,3175,5.14
Illinois,De Witt,2601,4579,165,7345,Mitt Romney,1978,5077,1910,556,7543,Donald Trump,3167,2.7
Illinois,DeKalb,21207,18934,951,41092,Barack Obama,2273,19091,20466,4043,43600,Hillary Clinton,1375,6.1
Illinois,Douglas,2430,5334,133,7897,Mitt Romney,2904,5698,1949,522,8169,Donald Trump,3749,3.44
Illinois,DuPage,199460,195046,6573,401079,Barack Obama,4414,166415,228622,33732,428769,Hillary Clinton,62207,6.9
Illinois,Edgar,2565,5132,122,7819,Mitt Romney,2567,5645,1793,435,7873,Donald Trump,3852,0.69
Illinois,Edwards,754,2405,69,3228,Mitt Romney,1651,2778,434,135,3347,Donald Trump,2344,3.69
Illinois,Effingham,3861,12501,251,16613,Mitt Romney,8640,13635,3083,891,17609,Donald Trump,10552,6
Illinois,Fayette,2853,5951,167,8971,Mitt Romney,3098,7372,1819,394,9585,Donald Trump,5553,6.84
Illinois,Ford,1656,4229,121,6006,Mitt Romney,2573,4480,1414,502,6396,Donald Trump,3066,6.49
Illinois,Franklin,7254,10267,393,17914,Mitt Romney,3013,13116,4727,868,18711,Donald Trump,8389,4.45
Illinois,Fulton,8328,6632,396,15356,Barack Obama,1696,8492,6133,1172,15797,Donald Trump,2359,2.87
Illinois,Gallatin,1029,1492,52,2573,Mitt Romney,463,1942,657,108,2707,Donald Trump,1285,5.21
Illinois,Greene,2023,3451,148,5622,Mitt Romney,1428,4145,1205,235,5585,Donald Trump,2940,-0.66
Illinois,Grundy,9451,11343,450,21244,Mitt Romney,1892,13454,8065,1718,23237,Donald Trump,5389,9.38
Illinois,Hamilton,1269,2566,106,3941,Mitt Romney,1297,3206,802,158,4166,Donald Trump,2404,5.71
Illinois,Hancock,3650,5271,190,9111,Mitt Romney,1621,6430,2139,552,9121,Donald Trump,4291,0.11
Illinois,Hardin,742,1535,53,2330,Mitt Romney,793,1653,420,75,2148,Donald Trump,1233,-7.81
Illinois,Henderson,1978,1541,49,3568,Barack Obama,437,2155,1155,208,3518,Donald Trump,1000,-1.4
Illinois,Henry,12332,11583,407,24322,Barack Obama,749,13985,8871,1787,24643,Donald Trump,5114,1.32
Illinois,Iroquois,3413,9120,251,12784,Mitt Romney,5707,9750,2504,810,13064,Donald Trump,7246,2.19
Illinois,Jackson,13319,9864,829,24012,Barack Obama,3455,10843,11634,2140,24617,Hillary Clinton,791,2.52
Illinois,Jasper,1436,3514,93,5043,Mitt Romney,2078,3975,924,237,5136,Donald Trump,3051,1.84
Illinois,Jefferson,6089,9811,420,16320,Mitt Romney,3722,11695,4425,879,16999,Donald Trump,7270,4.16
Illinois,Jersey,3667,6039,253,9959,Mitt Romney,2372,7748,2679,564,10991,Donald Trump,5069,10.36
Illinois,Jo Daviess,5667,5534,228,11429,Barack Obama,133,6121,4462,751,11334,Donald Trump,1659,-0.83
Illinois,Johnson,1572,3963,137,5672,Mitt Romney,2391,4649,1142,298,6089,Donald Trump,3507,7.35
Illinois,Kane,90332,88335,2975,181642,Barack Obama,1997,82734,103665,12915,199314,Hillary Clinton,20931,9.73
Illinois,Kankakee,21595,23136,778,45509,Mitt Romney,1541,25129,18971,3205,47305,Donald Trump,6158,3.95
Illinois,Kendall,22471,24047,777,47295,Mitt Romney,1576,24961,24884,3602,53447,Donald Trump,77,13.01
Illinois,Knox,13451,9408,419,23278,Barack Obama,4043,10737,10083,1423,22243,Donald Trump,654,-4.45
Illinois,LaSalle,23073,23256,930,47259,Mitt Romney,183,26689,19543,3511,49743,Donald Trump,7146,5.26
Illinois,Lake,153757,129764,3972,287493,Barack Obama,23993,109767,171095,22658,303520,Hillary Clinton,61328,5.57
Illinois,Lawrence,2011,3857,121,5989,Mitt Romney,1846,4521,1290,283,6094,Donald Trump,3231,1.75
Illinois,Lee,6937,8059,305,15301,Mitt Romney,1122,8612,5528,1349,15489,Donald Trump,3084,1.23
Illinois,Livingston,5020,9753,266,15039,Mitt Romney,4733,10208,4023,1038,15269,Donald Trump,6185,1.53
Illinois,Logan,3978,7844,231,12053,Mitt Romney,3866,8181,3313,907,12401,Donald Trump,4868,2.89
Illinois,Macon,22780,25309,810,48899,Mitt Romney,2529,26866,18343,2851,48060,Donald Trump,8523,-1.72
Illinois,Macoupin,9464,10946,600,21010,Mitt Romney,1482,14322,6689,1349,22360,Donald Trump,7633,6.43
Illinois,Madison,58922,60608,2943,122473,Mitt Romney,1686,70490,50587,9102,130179,Donald Trump,19903,6.29
Illinois,Marion,6225,9248,291,15764,Mitt Romney,3023,11859,4369,846,17074,Donald Trump,7490,8.31
Illinois,Marshall,2455,3290,105,5850,Mitt Romney,835,3785,1789,410,5984,Donald Trump,1996,2.29
Illinois,Mason,2867,3265,140,6272,Mitt Romney,398,4058,2014,414,6486,Donald Trump,2044,3.41
Illinois,Massac,2092,4278,125,6495,Mitt Romney,2186,4846,1558,279,6683,Donald Trump,3288,2.89
Illinois,McDonough,5967,6147,340,12454,Mitt Romney,180,6795,5288,1009,13092,Donald Trump,1507,5.12
Illinois,McHenry,59797,71598,2449,133844,Mitt Romney,11801,71612,60803,9335,141750,Donald Trump,10809,5.91
Illinois,McLean,31883,39947,1552,73382,Mitt Romney,8064,37237,36196,6402,79835,Donald Trump,1041,8.79
Illinois,Menard,2100,3948,103,6151,Mitt Romney,1848,4231,1817,467,6515,Donald Trump,2414,5.92
Illinois,Mercer,4507,3876,151,8534,Barack Obama,631,4807,3071,647,8525,Donald Trump,1736,-0.11
Illinois,Monroe,6215,10888,329,17432,Mitt Romney,4673,12629,5535,1190,19354,Donald Trump,7094,11.03
Illinois,Montgomery,5058,6776,299,12133,Mitt Romney,1718,8630,3504,844,12978,Donald Trump,5126,6.96
Illinois,Morgan,5806,7972,318,14096,Mitt Romney,2166,9076,4696,1028,14800,Donald Trump,4380,4.99
Illinois,Moultrie,2144,3784,129,6057,Mitt Romney,1640,4455,1481,347,6283,Donald Trump,2974,3.73
Illinois,Ogle,9514,13422,431,23367,Mitt Romney,3908,14352,8050,1791,24193,Donald Trump,6302,3.53
Illinois,Peoria,40209,36774,1428,78411,Barack Obama,3435,35633,38060,4810,78503,Hillary Clinton,2427,0.12
Illinois,Perry,3819,5507,223,9549,Mitt Romney,1688,6855,2462,536,9853,Donald Trump,4393,3.18
Illinois,Piatt,3090,5413,204,8707,Mitt Romney,2323,5634,2645,729,9008,Donald Trump,2989,3.46
Illinois,Pike,2278,4860,148,7286,Mitt Romney,2582,5754,1413,363,7530,Donald Trump,4341,3.35
Illinois,Pope,650,1512,60,2222,Mitt Romney,862,1678,375,89,2142,Donald Trump,1303,-3.6
Illinois,Pulaski,1389,1564,50,3003,Mitt Romney,175,1675,962,98,2735,Donald Trump,713,-8.92
Illinois,Putnam,1559,1502,74,3135,Barack Obama,57,1767,1147,197,3111,Donald Trump,620,-0.77
Illinois,Randolph,5759,8290,343,14392,Mitt Romney,2531,10023,3439,732,14194,Donald Trump,6584,-1.38
Illinois,Richland,2362,4756,164,7282,Mitt Romney,2394,5739,1584,361,7684,Donald Trump,4155,5.52
Illinois,Rock Island,39157,24934,925,65016,Barack Obama,14223,26998,32298,4698,63994,Hillary Clinton,5300,-1.57
Illinois,Saline,3701,6806,213,10720,Mitt Romney,3105,8276,2572,536,11384,Donald Trump,5704,6.19
Illinois,Sangamon,42107,50225,1965,94297,Mitt Romney,8118,49944,40907,7522,98373,Donald Trump,9037,4.32
Illinois,Schuyler,1727,2069,94,3890,Mitt Romney,342,2524,1075,229,3828,Donald Trump,1449,-1.59
Illinois,Scott,910,1587,58,2555,Mitt Romney,677,1966,535,107,2608,Donald Trump,1431,2.07
Illinois,Shelby,3342,6843,210,10395,Mitt Romney,3501,8229,2288,493,11010,Donald Trump,5941,5.92
Illinois,St. Clair,67285,50125,2056,119466,Barack Obama,17160,53857,60756,5967,120580,Hillary Clinton,6899,0.93
Illinois,Stark,1095,1528,39,2662,Mitt Romney,433,1778,751,214,2743,Donald Trump,1027,3.04
Illinois,Stephenson,10165,10512,378,21055,Mitt Romney,347,11083,7768,1492,20343,Donald Trump,3315,-3.38
Illinois,Tazewell,24438,35335,1275,61048,Mitt Romney,10897,38707,20685,5008,64400,Donald Trump,18022,5.49
Illinois,Union,3137,4957,188,8282,Mitt Romney,1820,5790,2402,345,8537,Donald Trump,3388,3.08
Illinois,Vermilion,12878,16892,544,30314,Mitt Romney,4014,19087,10039,1444,30570,Donald Trump,9048,0.84
Illinois,Wabash,1590,3478,66,5134,Mitt Romney,1888,4047,1151,266,5464,Donald Trump,2896,6.43
Illinois,Warren,4044,3618,131,7793,Barack Obama,426,4275,2987,545,7807,Donald Trump,1288,0.18
Illinois,Washington,2450,4792,163,7405,Mitt Romney,2342,5571,1448,408,7427,Donald Trump,4123,0.3
Illinois,Wayne,1514,5988,178,7680,Mitt Romney,4474,6967,1048,246,8261,Donald Trump,5919,7.57
Illinois,White,2188,4731,145,7064,Mitt Romney,2543,5640,1412,283,7335,Donald Trump,4228,3.84
Illinois,Whiteside,14833,10334,487,25654,Barack Obama,4499,12615,11035,1932,25582,Donald Trump,1580,-0.28
Illinois,Will,144229,128969,4189,277387,Barack Obama,15260,132720,151927,16257,300904,Hillary Clinton,19207,8.48
Illinois,Williamson,10647,17909,587,29143,Mitt Romney,7262,21570,8581,1701,31852,Donald Trump,12989,9.3
Illinois,Winnebago,61732,55138,2114,118984,Barack Obama,6594,55624,55713,7039,118376,Hillary Clinton,89,-0.51
Illinois,Woodford,5572,12961,341,18874,Mitt Romney,7389,13207,5092,1565,19864,Donald Trump,8115,5.25
Indiana,Adams,3806,8937,268,13011,Mitt Romney,5131,9648,2805,637,13090,Donald Trump,6843,0.61
Indiana,Allen,60036,84613,2290,146939,Mitt Romney,24577,83930,55382,7825,147137,Donald Trump,28548,0.13
Indiana,Bartholomew,10625,18083,618,29326,Mitt Romney,7458,20640,9841,2009,32490,Donald Trump,10799,10.79
Indiana,Benton,1159,2329,90,3578,Mitt Romney,1170,2579,860,227,3666,Donald Trump,1719,2.46
Indiana,Blackford,1927,2711,105,4743,Mitt Romney,784,3350,1243,246,4839,Donald Trump,2107,2.02
Indiana,Boone,8328,18808,601,27737,Mitt Romney,10480,19654,10181,2343,32178,Donald Trump,9473,16.01
Indiana,Brown,3060,4332,212,7604,Mitt Romney,1272,5016,2518,411,7945,Donald Trump,2498,4.48
Indiana,Carroll,2635,4999,176,7810,Mitt Romney,2364,6273,1892,478,8643,Donald Trump,4381,10.67
Indiana,Cass,5371,8443,347,14161,Mitt Romney,3072,9701,3759,749,14209,Donald Trump,5942,0.34
Indiana,Clark,20807,25450,889,47146,Mitt Romney,4643,30035,18808,2304,51147,Donald Trump,11227,8.49
Indiana,Clay,3460,7096,228,10784,Mitt Romney,3636,8531,2306,445,11282,Donald Trump,6225,4.62
Indiana,Clinton,3308,6338,237,9883,Mitt Romney,3030,8531,2819,586,11936,Donald Trump,5712,20.77
Indiana,Crawford,2041,2421,128,4590,Mitt Romney,380,3015,1323,255,4593,Donald Trump,1692,0.07
Indiana,Daviess,2437,7638,175,10250,Mitt Romney,5201,8545,1800,423,10768,Donald Trump,6745,5.05
Indiana,DeKalb,5419,10587,322,16328,Mitt Romney,5168,12054,3942,906,16902,Donald Trump,8112,3.52
Indiana,Dearborn,6528,15394,434,22356,Mitt Romney,8866,18113,4883,991,23987,Donald Trump,13230,7.3
Indiana,Decatur,2941,7119,248,10308,Mitt Romney,4178,8490,2121,516,11127,Donald Trump,6369,7.95
Indiana,Delaware,22654,21251,1063,44968,Barack Obama,1403,24263,18153,2707,45123,Donald Trump,6110,0.34
Indiana,Dubois,6522,11654,366,18542,Mitt Romney,5132,13365,5389,1230,19984,Donald Trump,7976,7.78
Indiana,Elkhart,24399,42378,1075,67852,Mitt Romney,17979,41867,20740,3023,65630,Donald Trump,21127,-3.27
Indiana,Fayette,3555,5045,237,8837,Mitt Romney,1490,6839,2252,439,9530,Donald Trump,4587,7.84
Indiana,Floyd,14812,19878,615,35305,Mitt Romney,5066,21432,13945,2048,37425,Donald Trump,7487,6
Indiana,Fountain,2237,4664,210,7111,Mitt Romney,2427,5662,1476,354,7492,Donald Trump,4186,5.36
Indiana,Franklin,2909,7424,227,10560,Mitt Romney,4515,8669,1969,375,11013,Donald Trump,6700,4.29
Indiana,Fulton,2621,5317,188,8126,Mitt Romney,2696,6010,1960,404,8374,Donald Trump,4050,3.05
Indiana,Gibson,4928,9487,306,14721,Mitt Romney,4559,11081,3721,682,15484,Donald Trump,7360,5.18
Indiana,Grant,9589,15151,545,25285,Mitt Romney,5562,17008,7010,1294,25312,Donald Trump,9998,0.11
Indiana,Greene,4350,8457,304,13111,Mitt Romney,4107,10277,2929,595,13801,Donald Trump,7348,5.26
Indiana,Hamilton,43796,90747,2320,136863,Mitt Romney,46951,87404,57263,9589,154256,Donald Trump,30141,12.71
Indiana,Hancock,9319,22796,728,32843,Mitt Romney,13477,25074,8904,2203,36181,Donald Trump,16170,10.16
Indiana,Harrison,6607,10640,424,17671,Mitt Romney,4033,12943,4783,832,18558,Donald Trump,8160,5.02
Indiana,Hendricks,21112,44312,1220,66644,Mitt Romney,23200,48337,22600,4622,75559,Donald Trump,25737,13.38
Indiana,Henry,7613,10838,556,19007,Mitt Romney,3225,13895,5124,1136,20155,Donald Trump,8771,6.04
Indiana,Howard,15135,20327,828,36290,Mitt Romney,5192,23675,11215,1953,36843,Donald Trump,12460,1.52
Indiana,Huntington,4596,10862,307,15765,Mitt Romney,6266,11649,3506,888,16043,Donald Trump,8143,1.76
Indiana,Jackson,5838,10419,455,16712,Mitt Romney,4581,12859,3843,871,17573,Donald Trump,9016,5.15
Indiana,Jasper,4672,7955,269,12896,Mitt Romney,3283,9382,3329,667,13378,Donald Trump,6053,3.74
Indiana,Jay,3063,4645,193,7901,Mitt Romney,1582,5697,1889,400,7986,Donald Trump,3808,1.08
Indiana,Jefferson,5728,7096,302,13126,Mitt Romney,1368,8546,4326,672,13544,Donald Trump,4220,3.18
Indiana,Jennings,3821,6120,309,10250,Mitt Romney,2299,8224,2364,562,11150,Donald Trump,5860,8.78
Indiana,Johnson,17260,39513,1191,57964,Mitt Romney,22253,45456,17318,3726,66500,Donald Trump,28138,14.73
Indiana,Knox,5228,9612,305,15145,Mitt Romney,4384,11077,3772,667,15516,Donald Trump,7305,2.45
Indiana,Kosciusko,6862,22558,640,30060,Mitt Romney,15696,23935,6313,1836,32084,Donald Trump,17622,6.73
Indiana,LaGrange,2898,6231,187,9316,Mitt Romney,3333,7025,2080,461,9566,Donald Trump,4945,2.68
Indiana,LaPorte,24107,18615,959,43681,Barack Obama,5492,22687,19798,2718,45203,Donald Trump,2889,3.48
Indiana,Lake,130897,68431,2430,201758,Barack Obama,62466,75625,116935,8645,201205,Hillary Clinton,41310,-0.27
Indiana,Lawrence,5779,11622,421,17822,Mitt Romney,5843,14035,4210,907,19152,Donald Trump,9825,7.46
Indiana,Madison,24407,26769,1194,52370,Mitt Romney,2362,32376,18595,2938,53909,Donald Trump,13781,2.94
Indiana,Marion,216336,136509,6164,359009,Barack Obama,79827,130360,212899,19113,362372,Hillary Clinton,82539,0.94
Indiana,Marshall,6137,11260,368,17765,Mitt Romney,5123,12288,4798,996,18082,Donald Trump,7490,1.78
Indiana,Martin,1351,3262,130,4743,Mitt Romney,1911,3697,881,231,4809,Donald Trump,2816,1.39
Indiana,Miami,4222,8174,385,12781,Mitt Romney,3952,9975,2766,741,13482,Donald Trump,7209,5.48
Indiana,Monroe,33436,22481,1306,57223,Barack Obama,10955,20592,34216,3646,58454,Hillary Clinton,13624,2.15
Indiana,Montgomery,4271,9824,345,14440,Mitt Romney,5553,11059,3362,735,15156,Donald Trump,7697,4.96
Indiana,Morgan,7969,19591,706,28266,Mitt Romney,11622,23674,6040,1566,31280,Donald Trump,17634,10.66
Indiana,Newton,2212,3291,151,5654,Mitt Romney,1079,4077,1404,314,5795,Donald Trump,2673,2.49
Indiana,Noble,5229,10680,335,16244,Mitt Romney,5451,12198,3904,788,16890,Donald Trump,8294,3.98
Indiana,Ohio,994,1759,66,2819,Mitt Romney,765,2118,686,117,2921,Donald Trump,1432,3.62
Indiana,Orange,2939,4617,220,7776,Mitt Romney,1678,5803,2048,341,8192,Donald Trump,3755,5.35
Indiana,Owen,2823,5062,228,8113,Mitt Romney,2239,6153,1946,458,8557,Donald Trump,4207,5.47
Indiana,Parke,2110,4234,171,6515,Mitt Romney,2124,4863,1441,278,6582,Donald Trump,3422,1.03
Indiana,Perry,4316,3403,156,7875,Barack Obama,913,4556,3062,437,8055,Donald Trump,1494,2.29
Indiana,Pike,2125,3627,174,5926,Mitt Romney,1502,4398,1297,282,5977,Donald Trump,3101,0.86
Indiana,Porter,37252,34406,1381,73039,Barack Obama,2846,38832,33676,4682,77190,Donald Trump,5156,5.68
Indiana,Posey,4533,7430,263,12226,Mitt Romney,2897,8404,3521,542,12467,Donald Trump,4883,1.97
Indiana,Pulaski,1899,3366,134,5399,Mitt Romney,1467,3854,1327,278,5459,Donald Trump,2527,1.11
Indiana,Putnam,4507,9005,317,13829,Mitt Romney,4498,10637,3356,722,14715,Donald Trump,7281,6.41
Indiana,Randolph,3769,6218,202,10189,Mitt Romney,2449,7517,2446,495,10458,Donald Trump,5071,2.64
Indiana,Ripley,3241,7484,258,10983,Mitt Romney,4243,9806,2471,533,12810,Donald Trump,7335,16.63
Indiana,Rush,2221,4633,172,7026,Mitt Romney,2412,5292,1525,397,7214,Donald Trump,3767,2.68
Indiana,Scott,3998,4539,183,8720,Mitt Romney,541,6074,2642,385,9101,Donald Trump,3432,4.37
Indiana,Shelby,5359,10978,423,16760,Mitt Romney,5619,12718,4247,1029,17994,Donald Trump,8471,7.36
Indiana,Spencer,4026,5515,187,9728,Mitt Romney,1489,6572,2861,546,9979,Donald Trump,3711,2.58
Indiana,St. Joseph,56460,52578,1666,110704,Barack Obama,3882,52021,52252,5787,110060,Hillary Clinton,231,-0.58
Indiana,Starke,3809,4738,207,8754,Mitt Romney,929,6367,2489,370,9226,Donald Trump,3878,5.39
Indiana,Steuben,4853,8547,295,13695,Mitt Romney,3694,10133,3744,689,14566,Donald Trump,6389,6.36
Indiana,Sullivan,3191,4902,197,8290,Mitt Romney,1711,6138,2113,308,8559,Donald Trump,4025,3.24
Indiana,Switzerland,1437,1872,88,3397,Mitt Romney,435,2558,930,211,3699,Donald Trump,1628,8.89
Indiana,Tippecanoe,26711,28757,1428,56896,Mitt Romney,2046,30768,27282,4465,62515,Donald Trump,3486,9.88
Indiana,Tipton,2432,4773,160,7365,Mitt Romney,2341,5589,1587,334,7510,Donald Trump,4002,1.97
Indiana,Union,1018,2022,60,3100,Mitt Romney,1004,2445,715,131,3291,Donald Trump,1730,6.16
Indiana,Vanderburgh,31725,39389,1290,72404,Mitt Romney,7664,40496,28530,3481,72507,Donald Trump,11966,0.14
Indiana,Vermillion,2979,3426,176,6581,Mitt Romney,447,4513,2081,345,6939,Donald Trump,2432,5.44
Indiana,Vigo,19712,19369,796,39877,Barack Obama,343,21937,15931,1950,39818,Donald Trump,6006,-0.15
Indiana,Wabash,3973,8644,257,12874,Mitt Romney,4671,9821,3018,629,13468,Donald Trump,6803,4.61
Indiana,Warren,1324,2377,99,3800,Mitt Romney,1053,2898,839,193,3930,Donald Trump,2059,3.42
Indiana,Warrick,8793,15351,486,24630,Mitt Romney,6558,19113,9086,1390,29589,Donald Trump,10027,20.13
Indiana,Washington,3909,6533,295,10737,Mitt Romney,2624,8209,2636,537,11382,Donald Trump,5573,6.01
Indiana,Wayne,10591,14321,565,25477,Mitt Romney,3730,16028,8322,1229,25579,Donald Trump,7706,0.4
Indiana,Wells,3436,9256,243,12935,Mitt Romney,5820,10005,2586,594,13185,Donald Trump,7419,1.93
Indiana,White,3637,5970,296,9903,Mitt Romney,2333,6893,2590,570,10053,Donald Trump,4303,1.51
Indiana,Whitley,4420,10258,333,15011,Mitt Romney,5838,11358,3379,886,15623,Donald Trump,7979,4.08
Iowa,Adair,1790,2114,92,3996,Mitt Romney,324,2461,1133,217,3811,Donald Trump,1328,-4.63
Iowa,Adams,1028,1108,49,2185,Mitt Romney,80,1395,565,146,2106,Donald Trump,830,-3.62
Iowa,Allamakee,3553,3264,117,6934,Barack Obama,289,4093,2421,409,6923,Donald Trump,1672,-0.16
Iowa,Appanoose,2951,3161,133,6245,Mitt Romney,210,4033,1814,289,6136,Donald Trump,2219,-1.75
Iowa,Audubon,1611,1802,44,3457,Mitt Romney,191,2136,1080,196,3412,Donald Trump,1056,-1.3
Iowa,Benton,6862,6940,221,14023,Mitt Romney,78,8232,4678,934,13844,Donald Trump,3554,-1.28
Iowa,Black Hawk,39821,26235,1085,67141,Barack Obama,13586,27476,32233,4696,64405,Hillary Clinton,4757,-4.08
Iowa,Boone,7512,6556,320,14388,Barack Obama,956,7484,5541,1171,14196,Donald Trump,1943,-1.33
Iowa,Bremer,6763,6405,178,13346,Barack Obama,358,7208,5356,974,13538,Donald Trump,1852,1.44
Iowa,Buchanan,5911,4450,174,10535,Barack Obama,1461,5510,3970,772,10252,Donald Trump,1540,-2.69
Iowa,Buena Vista,3700,4554,129,8383,Mitt Romney,854,4903,2856,519,8278,Donald Trump,2047,-1.25
Iowa,Butler,3329,4106,110,7545,Mitt Romney,777,4921,2157,435,7513,Donald Trump,2764,-0.42
Iowa,Calhoun,2238,2891,101,5230,Mitt Romney,653,3468,1398,293,5159,Donald Trump,2070,-1.36
Iowa,Carroll,4947,5601,126,10674,Mitt Romney,654,6638,3309,597,10544,Donald Trump,3329,-1.22
Iowa,Cass,2858,4217,130,7205,Mitt Romney,1359,4761,1951,413,7125,Donald Trump,2810,-1.11
Iowa,Cedar,4972,4529,148,9649,Barack Obama,443,5295,3599,647,9541,Donald Trump,1696,-1.12
Iowa,Cerro Gordo,13316,10128,380,23824,Barack Obama,3188,11621,9862,1482,22965,Donald Trump,1759,-3.61
Iowa,Cherokee,2634,3662,119,6415,Mitt Romney,1028,4192,1679,387,6258,Donald Trump,2513,-2.45
Iowa,Chickasaw,3554,2836,94,6484,Barack Obama,718,3742,2266,427,6435,Donald Trump,1476,-0.76
Iowa,Clarke,2189,2124,117,4430,Barack Obama,65,2713,1465,276,4454,Donald Trump,1248,0.54
Iowa,Clay,3385,4951,166,8502,Mitt Romney,1566,5877,2249,491,8617,Donald Trump,3628,1.35
Iowa,Clayton,4806,4164,168,9138,Barack Obama,642,5317,3237,575,9129,Donald Trump,2080,-0.1
Iowa,Clinton,15141,9432,427,25000,Barack Obama,5709,11276,10095,1696,23067,Donald Trump,1181,-7.73
Iowa,Crawford,3066,3595,91,6752,Mitt Romney,529,4617,1991,327,6935,Donald Trump,2626,2.71
Iowa,Dallas,16576,20988,552,38116,Mitt Romney,4412,19339,15701,3212,38252,Donald Trump,3638,0.36
Iowa,Davis,1520,2138,115,3773,Mitt Romney,618,2723,977,182,3882,Donald Trump,1746,2.89
Iowa,Decatur,1791,1947,95,3833,Mitt Romney,156,2296,1201,237,3734,Donald Trump,1095,-2.58
Iowa,Delaware,4616,4636,126,9378,Mitt Romney,20,5694,2957,590,9241,Donald Trump,2737,-1.46
Iowa,Des Moines,11888,8136,361,20385,Barack Obama,3752,9529,8212,1362,19103,Donald Trump,1317,-6.29
Iowa,Dickinson,4095,5912,152,10159,Mitt Romney,1817,6753,3056,545,10354,Donald Trump,3697,1.92
Iowa,Dubuque,28768,21280,846,50894,Barack Obama,7488,23460,22850,3411,49721,Donald Trump,610,-2.3
Iowa,Emmet,2099,2507,81,4687,Mitt Romney,408,3124,1357,272,4753,Donald Trump,1767,1.41
Iowa,Fayette,5732,4492,142,10366,Barack Obama,1240,5620,3689,666,9975,Donald Trump,1931,-3.77
Iowa,Floyd,4680,3472,105,8257,Barack Obama,1208,4375,3179,506,8060,Donald Trump,1196,-2.39
Iowa,Franklin,2266,2823,97,5186,Mitt Romney,557,3163,1493,312,4968,Donald Trump,1670,-4.2
Iowa,Fremont,1637,1972,59,3668,Mitt Romney,335,2407,963,225,3595,Donald Trump,1444,-1.99
Iowa,Greene,2375,2380,91,4846,Mitt Romney,5,2820,1691,310,4821,Donald Trump,1129,-0.52
Iowa,Grundy,2635,4215,112,6962,Mitt Romney,1580,4527,1856,489,6872,Donald Trump,2671,-1.29
Iowa,Guthrie,2569,3171,148,5888,Mitt Romney,602,3628,1732,390,5750,Donald Trump,1896,-2.34
Iowa,Hamilton,3782,3991,154,7927,Mitt Romney,209,4463,2726,505,7694,Donald Trump,1737,-2.94
Iowa,Hancock,2521,3317,87,5925,Mitt Romney,796,3977,1587,307,5871,Donald Trump,2390,-0.91
Iowa,Hardin,4075,4670,153,8898,Mitt Romney,595,5254,2787,492,8533,Donald Trump,2467,-4.1
Iowa,Harrison,3136,4065,121,7322,Mitt Romney,929,4902,2131,432,7465,Donald Trump,2771,1.95
Iowa,Henry,4460,5035,202,9697,Mitt Romney,575,5779,2904,721,9404,Donald Trump,2875,-3.02
Iowa,Howard,2768,1795,82,4645,Barack Obama,973,2611,1677,271,4559,Donald Trump,934,-1.85
Iowa,Humboldt,1972,3099,87,5158,Mitt Romney,1127,3568,1252,267,5087,Donald Trump,2316,-1.38
Iowa,Ida,1321,2286,56,3663,Mitt Romney,965,2655,792,165,3612,Donald Trump,1863,-1.39
Iowa,Iowa,4144,4569,153,8866,Mitt Romney,425,5205,3084,615,8904,Donald Trump,2121,0.43
Iowa,Jackson,5907,4177,158,10242,Barack Obama,1730,5824,3837,649,10310,Donald Trump,1987,0.66
Iowa,Jasper,10257,8877,381,19515,Barack Obama,1380,10560,7109,1365,19034,Donald Trump,3451,-2.46
Iowa,Jefferson,4798,3436,296,8530,Barack Obama,1362,3748,3710,698,8156,Donald Trump,38,-4.38
Iowa,Johnson,50666,23698,1613,75977,Barack Obama,26968,21044,50200,5696,76940,Hillary Clinton,29156,1.27
Iowa,Jones,5534,4721,194,10449,Barack Obama,813,5720,3787,626,10133,Donald Trump,1933,-3.02
Iowa,Keokuk,2303,2843,120,5266,Mitt Romney,540,3390,1342,253,4985,Donald Trump,2048,-5.34
Iowa,Kossuth,3850,4937,136,8923,Mitt Romney,1087,5653,2543,411,8607,Donald Trump,3110,-3.54
Iowa,Lee,10714,7785,412,18911,Barack Obama,2929,8803,6215,1133,16151,Donald Trump,2588,-14.59
Iowa,Linn,68581,47622,2250,118453,Barack Obama,20959,48390,58935,9773,117098,Hillary Clinton,10545,-1.14
Iowa,Louisa,2452,2420,96,4968,Barack Obama,32,3069,1648,291,5008,Donald Trump,1421,0.81
Iowa,Lucas,1987,2254,82,4323,Mitt Romney,267,2877,1239,238,4354,Donald Trump,1638,0.72
Iowa,Lyon,1423,4978,108,6509,Mitt Romney,3555,5192,920,265,6377,Donald Trump,4272,-2.03
Iowa,Madison,3630,4638,190,8458,Mitt Romney,1008,5360,2678,598,8636,Donald Trump,2682,2.1
Iowa,Mahaska,4213,6448,222,10883,Mitt Romney,2235,7432,2619,581,10632,Donald Trump,4813,-2.31
Iowa,Marion,7507,9828,352,17687,Mitt Romney,2321,10962,5482,1372,17816,Donald Trump,5480,0.73
Iowa,Marshall,10257,8472,335,19064,Barack Obama,1785,9146,7652,1182,17980,Donald Trump,1494,-5.69
Iowa,Mills,2848,4216,148,7212,Mitt Romney,1368,5067,2090,541,7698,Donald Trump,2977,6.74
Iowa,Mitchell,2831,2643,112,5586,Barack Obama,188,3190,1888,339,5417,Donald Trump,1302,-3.03
Iowa,Monona,2101,2557,84,4742,Mitt Romney,456,3120,1247,205,4572,Donald Trump,1873,-3.58
Iowa,Monroe,1731,2026,73,3830,Mitt Romney,295,2638,1056,171,3865,Donald Trump,1582,0.91
Iowa,Montgomery,1922,3001,102,5025,Mitt Romney,1079,3436,1314,294,5044,Donald Trump,2122,0.38
Iowa,Muscatine,11323,8168,374,19865,Barack Obama,3155,9584,8368,1482,19434,Donald Trump,1216,-2.17
Iowa,O'Brien,1969,5266,106,7341,Mitt Romney,3297,5752,1315,339,7406,Donald Trump,4437,0.89
Iowa,Osceola,912,2230,52,3194,Mitt Romney,1318,2531,552,130,3213,Donald Trump,1979,0.59
Iowa,Page,2613,4348,118,7079,Mitt Romney,1735,4893,1807,344,7044,Donald Trump,3086,-0.49
Iowa,Palo Alto,2139,2660,88,4887,Mitt Romney,521,3081,1398,224,4703,Donald Trump,1683,-3.77
Iowa,Plymouth,4164,8597,189,12950,Mitt Romney,4433,9680,2885,625,13190,Donald Trump,6795,1.85
Iowa,Pocahontas,1523,2396,113,4032,Mitt Romney,873,2702,963,200,3865,Donald Trump,1739,-4.14
Iowa,Polk,128465,96096,4321,228882,Barack Obama,32369,93492,119804,18259,231555,Hillary Clinton,26312,1.17
Iowa,Pottawattamie,19644,21860,797,42301,Mitt Romney,2216,24447,15355,2878,42680,Donald Trump,9092,0.9
Iowa,Poweshiek,5357,4424,194,9975,Barack Obama,933,4946,4304,583,9833,Donald Trump,642,-1.42
Iowa,Ringgold,1186,1368,45,2599,Mitt Romney,182,1824,753,130,2707,Donald Trump,1071,4.16
Iowa,Sac,2122,3094,75,5291,Mitt Romney,972,3703,1270,239,5212,Donald Trump,2433,-1.49
Iowa,Scott,50652,38251,1360,90263,Barack Obama,12401,39149,40440,6631,86220,Hillary Clinton,1291,-4.48
Iowa,Shelby,2469,3911,103,6483,Mitt Romney,1442,4362,1662,346,6370,Donald Trump,2700,-1.74
Iowa,Sioux,2700,14407,201,17308,Mitt Romney,11707,14785,2300,1109,18194,Donald Trump,12485,5.12
Iowa,Story,26192,19668,1290,47150,Barack Obama,6524,19458,25709,5500,50667,Hillary Clinton,6251,7.46
Iowa,Tama,4768,4098,151,9017,Barack Obama,670,4971,3196,585,8752,Donald Trump,1775,-2.94
Iowa,Taylor,1262,1683,50,2995,Mitt Romney,421,2111,758,160,3029,Donald Trump,1353,1.14
Iowa,Union,3043,2813,101,5957,Barack Obama,230,3525,1922,385,5832,Donald Trump,1603,-2.1
Iowa,Van Buren,1402,2064,103,3569,Mitt Romney,662,2527,845,189,3561,Donald Trump,1682,-0.22
Iowa,Wapello,8663,6789,318,15770,Barack Obama,1874,8715,5594,840,15149,Donald Trump,3121,-3.94
Iowa,Warren,12551,13052,469,26072,Mitt Romney,501,14814,10411,2075,27300,Donald Trump,4403,4.71
Iowa,Washington,5115,5562,327,11004,Mitt Romney,447,6173,3943,813,10929,Donald Trump,2230,-0.68
Iowa,Wayne,1251,1583,66,2900,Mitt Romney,332,2069,719,152,2940,Donald Trump,1350,1.38
Iowa,Webster,9537,8469,286,18292,Barack Obama,1068,10056,6305,1069,17430,Donald Trump,3751,-4.71
Iowa,Winnebago,2903,2906,109,5918,Mitt Romney,3,3447,1931,409,5787,Donald Trump,1516,-2.21
Iowa,Winneshiek,6256,4622,206,11084,Barack Obama,1634,5344,5254,764,11362,Donald Trump,90,2.51
Iowa,Woodbury,22302,21841,876,45019,Barack Obama,461,24727,16210,2781,43718,Donald Trump,8517,-2.89
Iowa,Worth,2350,1744,78,4172,Barack Obama,606,2453,1530,274,4257,Donald Trump,923,2.04
Iowa,Wright,2836,3349,93,6278,Mitt Romney,513,3800,1896,330,6026,Donald Trump,1904,-4.01
Kansas,Allen,1869,3316,125,5310,Mitt Romney,1447,3651,1433,370,5454,Donald Trump,2218,2.71
Kansas,Anderson,944,2276,95,3315,Mitt Romney,1332,2435,672,243,3350,Donald Trump,1763,1.06
Kansas,Atchison,2567,3917,190,6674,Mitt Romney,1350,4049,1989,537,6575,Donald Trump,2060,-1.48
Kansas,Barber,482,1772,60,2314,Mitt Romney,1290,1850,286,116,2252,Donald Trump,1564,-2.68
Kansas,Barton,2297,7874,170,10341,Mitt Romney,5577,7888,1839,542,10269,Donald Trump,6049,-0.7
Kansas,Bourbon,1996,4102,156,6254,Mitt Romney,2106,4424,1336,333,6093,Donald Trump,3088,-2.57
Kansas,Brown,1076,2829,88,3993,Mitt Romney,1753,2906,863,267,4036,Donald Trump,2043,1.08
Kansas,Butler,7282,18157,646,26085,Mitt Romney,10875,19073,6573,2011,27657,Donald Trump,12500,6.03
Kansas,Chase,358,875,38,1271,Mitt Romney,517,969,316,84,1369,Donald Trump,653,7.71
Kansas,Chautauqua,280,1304,46,1630,Mitt Romney,1024,1236,197,48,1481,Donald Trump,1039,-9.14
Kansas,Cherokee,2930,5456,185,8571,Mitt Romney,2526,6182,2005,433,8620,Donald Trump,4177,0.57
Kansas,Cheyenne,233,1159,34,1426,Mitt Romney,926,1173,181,53,1407,Donald Trump,992,-1.33
Kansas,Clark,174,805,38,1017,Mitt Romney,631,825,120,60,1005,Donald Trump,705,-1.18
Kansas,Clay,834,2788,64,3686,Mitt Romney,1954,2891,677,252,3820,Donald Trump,2214,3.64
Kansas,Cloud,974,2954,130,4058,Mitt Romney,1980,2919,761,250,3930,Donald Trump,2158,-3.15
Kansas,Coffey,898,2903,105,3906,Mitt Romney,2005,3050,727,291,4068,Donald Trump,2323,4.15
Kansas,Comanche,143,767,18,928,Mitt Romney,624,715,102,50,867,Donald Trump,613,-6.57
Kansas,Cowley,4319,8081,310,12710,Mitt Romney,3762,8270,3551,800,12621,Donald Trump,4719,-0.7
Kansas,Crawford,6826,7708,411,14945,Mitt Romney,882,8624,5199,1068,14891,Donald Trump,3425,-0.36
Kansas,Decatur,266,1218,48,1532,Mitt Romney,952,1210,178,64,1452,Donald Trump,1032,-5.22
Kansas,Dickinson,2020,5832,190,8042,Mitt Romney,3812,6029,1609,572,8210,Donald Trump,4420,2.09
Kansas,Doniphan,902,2414,87,3403,Mitt Romney,1512,2606,587,185,3378,Donald Trump,2019,-0.73
Kansas,Douglas,29267,17401,1477,48145,Barack Obama,11866,14688,31195,4204,50087,Hillary Clinton,16507,4.03
Kansas,Edwards,298,1059,28,1385,Mitt Romney,761,1037,212,70,1319,Donald Trump,825,-4.77
Kansas,Elk,281,1049,39,1369,Mitt Romney,768,1048,160,51,1259,Donald Trump,888,-8.04
Kansas,Ellis,3057,8399,258,11714,Mitt Romney,5342,8466,2742,739,11947,Donald Trump,5724,1.99
Kansas,Ellsworth,702,1930,80,2712,Mitt Romney,1228,1969,521,189,2679,Donald Trump,1448,-1.22
Kansas,Finney,2682,6219,183,9084,Mitt Romney,3537,6350,3195,614,10159,Donald Trump,3155,11.83
Kansas,Ford,2600,5602,160,8362,Mitt Romney,3002,5114,2149,455,7718,Donald Trump,2965,-7.7
Kansas,Franklin,3694,6984,312,10990,Mitt Romney,3290,7185,2892,888,10965,Donald Trump,4293,-0.23
Kansas,Geary,3332,4372,141,7845,Mitt Romney,1040,4274,2722,508,7504,Donald Trump,1552,-4.35
Kansas,Gove,176,1168,39,1383,Mitt Romney,992,1140,149,54,1343,Donald Trump,991,-2.89
Kansas,Graham,256,1056,28,1340,Mitt Romney,800,1025,188,71,1284,Donald Trump,837,-4.18
Kansas,Grant,456,1811,39,2306,Mitt Romney,1355,1804,441,144,2389,Donald Trump,1363,3.6
Kansas,Gray,324,1603,31,1958,Mitt Romney,1279,1698,263,105,2066,Donald Trump,1435,5.52
Kansas,Greeley,113,543,14,670,Mitt Romney,430,534,83,33,650,Donald Trump,451,-2.99
Kansas,Greenwood,478,1590,55,2123,Mitt Romney,1112,2160,485,195,2840,Donald Trump,1675,33.77
Kansas,Hamilton,163,693,21,877,Mitt Romney,530,705,121,50,876,Donald Trump,584,-0.11
Kansas,Harper,550,1759,80,2389,Mitt Romney,1209,1996,393,189,2578,Donald Trump,1603,7.91
Kansas,Harvey,5373,8588,333,14294,Mitt Romney,3215,8668,5068,1180,14916,Donald Trump,3600,4.35
Kansas,Haskell,215,1159,22,1396,Mitt Romney,944,1040,245,69,1354,Donald Trump,795,-3.01
Kansas,Hodgeman,179,868,13,1060,Mitt Romney,689,855,124,38,1017,Donald Trump,731,-4.06
Kansas,Jackson,1901,3527,133,5561,Mitt Romney,1626,3939,1512,367,5818,Donald Trump,2427,4.62
Kansas,Jefferson,2977,4827,209,8013,Mitt Romney,1850,5213,2518,606,8337,Donald Trump,2695,4.04
Kansas,Jewell,229,1235,33,1497,Mitt Romney,1006,1223,180,91,1494,Donald Trump,1043,-0.2
Kansas,Johnson,110526,158401,5438,274365,Mitt Romney,47875,137490,129852,22748,290090,Donald Trump,7638,5.73
Kansas,Kearny,268,1097,21,1386,Mitt Romney,829,1075,174,67,1316,Donald Trump,901,-5.05
Kansas,Kingman,733,2397,101,3231,Mitt Romney,1664,2530,599,205,3334,Donald Trump,1931,3.19
Kansas,Kiowa,163,976,5,1144,Mitt Romney,813,900,114,65,1079,Donald Trump,786,-5.68
Kansas,Labette,3117,4742,178,8037,Mitt Romney,1625,5335,2291,481,8107,Donald Trump,3044,0.87
Kansas,Lane,172,739,17,928,Mitt Romney,567,718,106,47,871,Donald Trump,612,-6.14
Kansas,Leavenworth,11357,17059,669,29085,Mitt Romney,5702,17638,10209,2454,30301,Donald Trump,7429,4.18
Kansas,Lincoln,289,1165,29,1483,Mitt Romney,876,1179,215,70,1464,Donald Trump,964,-1.28
Kansas,Linn,1170,3177,120,4467,Mitt Romney,2007,3484,736,207,4427,Donald Trump,2748,-0.9
Kansas,Logan,197,1126,27,1350,Mitt Romney,929,1132,149,76,1357,Donald Trump,983,0.52
Kansas,Lyon,5111,6470,294,11875,Mitt Romney,1359,6552,4649,1087,12288,Donald Trump,1903,3.48
Kansas,Marion,1385,3889,135,5409,Mitt Romney,2504,4003,1204,417,5624,Donald Trump,2799,3.97
Kansas,Marshall,1469,3195,109,4773,Mitt Romney,1726,3307,1072,294,4673,Donald Trump,2235,-2.1
Kansas,McPherson,3449,8545,303,12297,Mitt Romney,5096,8549,3226,967,12742,Donald Trump,5323,3.62
Kansas,Meade,258,1428,23,1709,Mitt Romney,1170,1415,210,95,1720,Donald Trump,1205,0.64
Kansas,Miami,4712,9858,286,14856,Mitt Romney,5146,10003,3991,1028,15022,Donald Trump,6012,1.12
Kansas,Mitchell,584,2327,54,2965,Mitt Romney,1743,2308,477,157,2942,Donald Trump,1831,-0.78
Kansas,Montgomery,3501,8630,286,12417,Mitt Romney,5129,8679,2637,688,12004,Donald Trump,6042,-3.33
Kansas,Morris,718,1773,71,2562,Mitt Romney,1055,1820,601,203,2624,Donald Trump,1219,2.42
Kansas,Morton,189,1072,17,1278,Mitt Romney,883,995,147,50,1192,Donald Trump,848,-6.73
Kansas,Nemaha,1000,3930,96,5026,Mitt Romney,2930,4124,725,273,5122,Donald Trump,3399,1.91
Kansas,Neosho,2050,4272,158,6480,Mitt Romney,2222,4431,1501,382,6314,Donald Trump,2930,-2.56
Kansas,Ness,218,1209,17,1444,Mitt Romney,991,1228,162,64,1454,Donald Trump,1066,0.69
Kansas,Norton,398,1878,49,2325,Mitt Romney,1480,1840,281,113,2234,Donald Trump,1559,-3.91
Kansas,Osage,2268,4427,211,6906,Mitt Romney,2159,4826,1753,467,7046,Donald Trump,3073,2.03
Kansas,Osborne,324,1479,35,1838,Mitt Romney,1155,1460,233,95,1788,Donald Trump,1227,-2.72
Kansas,Ottawa,558,2295,80,2933,Mitt Romney,1737,2283,424,196,2903,Donald Trump,1859,-1.02
Kansas,Pawnee,718,1836,54,2608,Mitt Romney,1118,1904,579,178,2661,Donald Trump,1325,2.03
Kansas,Phillips,382,2135,48,2565,Mitt Romney,1753,2233,300,131,2664,Donald Trump,1933,3.86
Kansas,Pottawatomie,2335,6804,340,9479,Mitt Romney,4469,7612,2225,856,10693,Donald Trump,5387,12.81
Kansas,Pratt,980,2771,50,3801,Mitt Romney,1791,2838,771,233,3842,Donald Trump,2067,1.08
Kansas,Rawlins,190,1223,31,1444,Mitt Romney,1033,1220,163,89,1472,Donald Trump,1057,1.94
Kansas,Reno,8085,15718,619,24422,Mitt Romney,7633,15513,6837,1860,24210,Donald Trump,8676,-0.87
Kansas,Republic,477,2134,75,2686,Mitt Romney,1657,2024,375,130,2529,Donald Trump,1649,-5.85
Kansas,Rice,911,2676,94,3681,Mitt Romney,1765,2837,695,272,3804,Donald Trump,2142,3.34
Kansas,Riley,8977,11507,617,21101,Mitt Romney,2530,10107,9341,2084,21532,Donald Trump,766,2.04
Kansas,Rooks,361,2038,61,2460,Mitt Romney,1677,2031,275,113,2419,Donald Trump,1756,-1.67
Kansas,Rush,367,1166,37,1570,Mitt Romney,799,1197,233,73,1503,Donald Trump,964,-4.27
Kansas,Russell,593,2553,54,3200,Mitt Romney,1960,2574,461,158,3193,Donald Trump,2113,-0.22
Kansas,Saline,7040,13840,616,21496,Mitt Romney,6800,13828,6317,1919,22064,Donald Trump,7511,2.64
Kansas,Scott,277,1728,47,2052,Mitt Romney,1451,1865,236,101,2202,Donald Trump,1629,7.31
Kansas,Sedgwick,71977,106506,4412,182895,Mitt Romney,34529,104353,69627,14803,188783,Donald Trump,34726,3.22
Kansas,Seward,1490,3617,69,5176,Mitt Romney,2127,3159,1628,251,5038,Donald Trump,1531,-2.67
Kansas,Shawnee,36975,37782,1751,76508,Mitt Romney,807,35934,33926,5546,75406,Donald Trump,2008,-1.44
Kansas,Sheridan,168,1154,20,1342,Mitt Romney,986,1197,127,50,1374,Donald Trump,1070,2.38
Kansas,Sherman,577,1976,70,2623,Mitt Romney,1399,2089,347,176,2612,Donald Trump,1742,-0.42
Kansas,Smith,358,1624,41,2023,Mitt Romney,1266,1661,297,84,2042,Donald Trump,1364,0.94
Kansas,Stafford,404,1385,50,1839,Mitt Romney,981,1490,304,102,1896,Donald Trump,1186,3.1
Kansas,Stanton,143,605,11,759,Mitt Romney,462,492,115,30,637,Donald Trump,377,-16.07
Kansas,Stevens,252,1749,33,2034,Mitt Romney,1497,1599,220,72,1891,Donald Trump,1379,-7.03
Kansas,Sumner,2658,6260,223,9141,Mitt Romney,3602,6984,2076,662,9722,Donald Trump,4908,6.36
Kansas,Thomas,598,2788,88,3474,Mitt Romney,2190,2908,473,195,3576,Donald Trump,2435,2.94
Kansas,Trego,291,1261,27,1579,Mitt Romney,970,1227,198,57,1482,Donald Trump,1029,-6.14
Kansas,Wabaunsee,918,2256,93,3267,Mitt Romney,1338,2372,776,232,3380,Donald Trump,1596,3.46
Kansas,Wallace,68,719,11,798,Mitt Romney,651,721,46,31,798,Donald Trump,675,0
Kansas,Washington,524,2316,49,2889,Mitt Romney,1792,2194,387,184,2765,Donald Trump,1807,-4.29
Kansas,Wichita,157,821,9,987,Mitt Romney,664,769,140,47,956,Donald Trump,629,-3.14
Kansas,Wilson,818,2825,74,3717,Mitt Romney,2007,2788,594,209,3591,Donald Trump,2194,-3.39
Kansas,Woodson,380,1035,32,1447,Mitt Romney,655,1082,273,88,1443,Donald Trump,809,-0.28
Kansas,Wyandotte,34302,15496,940,50738,Barack Obama,18806,15806,30146,2829,48781,Hillary Clinton,14340,-3.86
Kentucky,Adair,1660,5841,99,7600,Mitt Romney,4181,6637,1323,273,8233,Donald Trump,5314,8.33
Kentucky,Allen,1808,5184,108,7100,Mitt Romney,3376,6466,1349,281,8096,Donald Trump,5117,14.03
Kentucky,Anderson,3315,6822,183,10320,Mitt Romney,3507,8242,2634,546,11422,Donald Trump,5608,10.68
Kentucky,Ballard,1189,2647,59,3895,Mitt Romney,1458,3161,816,124,4101,Donald Trump,2345,5.29
Kentucky,Barren,5400,10922,246,16568,Mitt Romney,5522,13483,4275,730,18488,Donald Trump,9208,11.59
Kentucky,Bath,1770,2275,77,4122,Mitt Romney,505,3082,1361,144,4587,Donald Trump,1721,11.28
Kentucky,Bell,2224,7127,131,9482,Mitt Romney,4903,7764,1720,234,9718,Donald Trump,6044,2.49
Kentucky,Boone,15629,35922,960,52511,Mitt Romney,20293,39082,15026,3510,57618,Donald Trump,24056,9.73
Kentucky,Bourbon,3075,4692,156,7923,Mitt Romney,1617,5569,2791,443,8803,Donald Trump,2778,11.11
Kentucky,Boyd,7776,10884,389,19049,Mitt Romney,3108,13591,6021,842,20454,Donald Trump,7570,7.38
Kentucky,Boyle,4471,7703,199,12373,Mitt Romney,3232,8040,4281,625,12946,Donald Trump,3759,4.63
Kentucky,Bracken,1147,2029,56,3232,Mitt Romney,882,2711,705,111,3527,Donald Trump,2006,9.13
Kentucky,Breathitt,1562,3318,128,5008,Mitt Romney,1756,3991,1537,210,5738,Donald Trump,2454,14.58
Kentucky,Breckinridge,2825,5025,119,7969,Mitt Romney,2200,6484,1960,330,8774,Donald Trump,4524,10.1
Kentucky,Bullitt,9971,21306,502,31779,Mitt Romney,11335,26210,8255,1604,36069,Donald Trump,17955,13.5
Kentucky,Butler,1293,3716,51,5060,Mitt Romney,2423,4428,947,201,5576,Donald Trump,3481,10.2
Kentucky,Caldwell,1852,3904,104,5860,Mitt Romney,2052,4507,1260,208,5975,Donald Trump,3247,1.96
Kentucky,Calloway,5317,9440,315,15072,Mitt Romney,4123,10367,4749,933,16049,Donald Trump,5618,6.48
Kentucky,Campbell,15080,24240,857,40177,Mitt Romney,9160,25050,14658,2802,42510,Donald Trump,10392,5.81
Kentucky,Carlisle,750,1835,34,2619,Mitt Romney,1085,2094,432,75,2601,Donald Trump,1662,-0.69
Kentucky,Carroll,1629,1999,52,3680,Mitt Romney,370,2588,1106,161,3855,Donald Trump,1482,4.76
Kentucky,Carter,3383,5279,246,8908,Mitt Romney,1896,7587,2276,415,10278,Donald Trump,5311,15.38
Kentucky,Casey,1086,4904,101,6091,Mitt Romney,3818,5482,767,190,6439,Donald Trump,4715,5.71
Kentucky,Christian,8252,13475,228,21955,Mitt Romney,5223,14108,7188,787,22083,Donald Trump,6920,0.58
Kentucky,Clark,5228,9931,257,15416,Mitt Romney,4703,10710,4706,789,16205,Donald Trump,6004,5.12
Kentucky,Clay,1111,6176,96,7383,Mitt Romney,5065,5861,752,154,6767,Donald Trump,5109,-8.34
Kentucky,Clinton,752,3569,72,4393,Mitt Romney,2817,3809,547,106,4462,Donald Trump,3262,1.57
Kentucky,Crittenden,960,2839,55,3854,Mitt Romney,1879,3290,617,130,4037,Donald Trump,2673,4.75
Kentucky,Cumberland,599,2216,39,2854,Mitt Romney,1617,2502,459,105,3066,Donald Trump,2043,7.43
Kentucky,Daviess,16208,25092,787,42087,Mitt Romney,8884,28907,14163,2737,45807,Donald Trump,14744,8.84
Kentucky,Edmonson,1374,3232,62,4668,Mitt Romney,1858,4135,979,130,5244,Donald Trump,3156,12.34
Kentucky,Elliott,1186,1126,87,2399,Barack Obama,60,2000,740,115,2855,Donald Trump,1260,19.01
Kentucky,Estill,1356,3749,79,5184,Mitt Romney,2393,4236,1108,201,5545,Donald Trump,3128,6.96
Kentucky,Fayette,62080,60795,2991,125866,Barack Obama,1285,56894,69778,9643,136315,Hillary Clinton,12884,8.3
Kentucky,Fleming,1911,3780,91,5782,Mitt Romney,1869,4722,1348,190,6260,Donald Trump,3374,8.27
Kentucky,Floyd,4733,9784,373,14890,Mitt Romney,5051,11993,4015,532,16540,Donald Trump,7978,11.08
Kentucky,Franklin,11535,11345,457,23337,Barack Obama,190,11819,10717,1329,23865,Donald Trump,1102,2.26
Kentucky,Fulton,1022,1425,34,2481,Mitt Romney,403,1549,774,59,2382,Donald Trump,775,-3.99
Kentucky,Gallatin,1238,1758,65,3061,Mitt Romney,520,2443,749,146,3338,Donald Trump,1694,9.05
Kentucky,Garrard,1661,5310,106,7077,Mitt Romney,3649,5904,1453,266,7623,Donald Trump,4451,7.72
Kentucky,Grant,2810,5664,134,8608,Mitt Romney,2854,7268,1910,381,9559,Donald Trump,5358,11.05
Kentucky,Graves,4547,10699,257,15503,Mitt Romney,6152,12671,3308,627,16606,Donald Trump,9363,7.11
Kentucky,Grayson,2744,6404,123,9271,Mitt Romney,3660,8219,1959,398,10576,Donald Trump,6260,14.08
Kentucky,Green,1165,3634,57,4856,Mitt Romney,2469,4372,832,129,5333,Donald Trump,3540,9.82
Kentucky,Greenup,6027,8855,286,15168,Mitt Romney,2828,11546,4146,585,16277,Donald Trump,7400,7.31
Kentucky,Hancock,1833,2212,89,4134,Mitt Romney,379,2788,1244,263,4295,Donald Trump,1544,3.89
Kentucky,Hardin,15214,23357,647,39218,Mitt Romney,8143,26971,13944,2241,43156,Donald Trump,13027,10.04
Kentucky,Harlan,1830,8652,175,10657,Mitt Romney,6822,9129,1372,256,10757,Donald Trump,7757,0.94
Kentucky,Harrison,2471,4556,136,7163,Mitt Romney,2085,5435,2031,315,7781,Donald Trump,3404,8.63
Kentucky,Hart,2283,4257,82,6622,Mitt Romney,1974,5320,1730,214,7264,Donald Trump,3590,9.69
Kentucky,Henderson,8091,10296,235,18622,Mitt Romney,2205,12159,6707,844,19710,Donald Trump,5452,5.84
Kentucky,Henry,2530,3940,120,6590,Mitt Romney,1410,4944,1828,377,7149,Donald Trump,3116,8.48
Kentucky,Hickman,686,1431,22,2139,Mitt Romney,745,1657,449,51,2157,Donald Trump,1208,0.84
Kentucky,Hopkins,5789,13681,297,19767,Mitt Romney,7892,15277,4310,758,20345,Donald Trump,10967,2.92
Kentucky,Jackson,612,4365,84,5061,Mitt Romney,3753,4889,482,130,5501,Donald Trump,4407,8.69
Kentucky,Jefferson,186181,148423,4975,339579,Barack Obama,37758,143768,190836,18495,353099,Hillary Clinton,47068,3.98
Kentucky,Jessamine,6001,14233,399,20633,Mitt Romney,8232,15474,6144,1708,23326,Donald Trump,9330,13.05
Kentucky,Johnson,1723,7095,217,9035,Mitt Romney,5372,8043,1250,279,9572,Donald Trump,6793,5.94
Kentucky,Kenton,24920,41389,1395,67704,Mitt Romney,16469,42958,24214,4826,71998,Donald Trump,18744,6.34
Kentucky,Knott,1420,4130,143,5693,Mitt Romney,2710,4357,1245,161,5763,Donald Trump,3112,1.23
Kentucky,Knox,2484,8467,149,11100,Mitt Romney,5983,9885,1761,366,12012,Donald Trump,8124,8.22
Kentucky,Larue,1733,3911,120,5764,Mitt Romney,2178,4799,1278,290,6367,Donald Trump,3521,10.46
Kentucky,Laurel,3905,18151,352,22408,Mitt Romney,14246,20592,3440,801,24833,Donald Trump,17152,10.82
Kentucky,Lawrence,1520,3995,77,5592,Mitt Romney,2475,4816,1045,181,6042,Donald Trump,3771,8.05
Kentucky,Lee,595,1977,51,2623,Mitt Romney,1382,2151,444,72,2667,Donald Trump,1707,1.68
Kentucky,Leslie,433,4439,78,4950,Mitt Romney,4006,4015,400,77,4492,Donald Trump,3615,-9.25
Kentucky,Letcher,1702,6811,245,8758,Mitt Romney,5109,7293,1542,299,9134,Donald Trump,5751,4.29
Kentucky,Lewis,1342,3326,101,4769,Mitt Romney,1984,4363,785,150,5298,Donald Trump,3578,11.09
Kentucky,Lincoln,2582,6416,154,9152,Mitt Romney,3834,7338,1865,358,9561,Donald Trump,5473,4.47
Kentucky,Livingston,1346,3089,76,4511,Mitt Romney,1743,3570,887,188,4645,Donald Trump,2683,2.97
Kentucky,Logan,3469,6899,142,10510,Mitt Romney,3430,7778,2755,366,10899,Donald Trump,5023,3.7
Kentucky,Lyon,1373,2412,54,3839,Mitt Romney,1039,2789,1045,128,3962,Donald Trump,1744,3.2
Kentucky,Madison,11512,21128,682,33322,Mitt Romney,9616,23431,11793,2147,37371,Donald Trump,11638,12.15
Kentucky,Magoffin,1433,3391,82,4906,Mitt Romney,1958,3824,1172,120,5116,Donald Trump,2652,4.28
Kentucky,Marion,3418,3800,100,7318,Mitt Romney,382,5122,2679,310,8111,Donald Trump,2443,10.84
Kentucky,Marshall,5022,10402,295,15719,Mitt Romney,5380,12322,3672,704,16698,Donald Trump,8650,6.23
Kentucky,Martin,574,3180,70,3824,Mitt Romney,2606,3503,363,87,3953,Donald Trump,3140,3.37
Kentucky,Mason,2592,4197,92,6881,Mitt Romney,1605,4944,1970,305,7219,Donald Trump,2974,4.91
Kentucky,McCracken,10062,19979,510,30551,Mitt Romney,9917,20774,9134,1399,31307,Donald Trump,11640,2.47
Kentucky,McCreary,1069,4564,74,5707,Mitt Romney,3495,5012,664,100,5776,Donald Trump,4348,1.21
Kentucky,McLean,1432,2705,63,4200,Mitt Romney,1273,3381,988,197,4566,Donald Trump,2393,8.71
Kentucky,Meade,4122,6606,188,10916,Mitt Romney,2484,8660,3026,545,12231,Donald Trump,5634,12.05
Kentucky,Menifee,1048,1484,66,2598,Mitt Romney,436,2010,700,69,2779,Donald Trump,1310,6.97
Kentucky,Mercer,2966,6820,153,9939,Mitt Romney,3854,7740,2395,450,10585,Donald Trump,5345,6.5
Kentucky,Metcalfe,1425,2676,83,4184,Mitt Romney,1251,3491,976,153,4620,Donald Trump,2515,10.42
Kentucky,Monroe,936,3762,48,4746,Mitt Romney,2826,4278,601,112,4991,Donald Trump,3677,5.16
Kentucky,Montgomery,3701,6398,149,10248,Mitt Romney,2697,7856,3158,438,11452,Donald Trump,4698,11.75
Kentucky,Morgan,1369,3021,82,4472,Mitt Romney,1652,3628,1006,141,4775,Donald Trump,2622,6.78
Kentucky,Muhlenberg,4771,7762,206,12739,Mitt Romney,2991,9393,3272,395,13060,Donald Trump,6121,2.52
Kentucky,Nelson,7611,10673,249,18533,Mitt Romney,3062,13431,6434,937,20802,Donald Trump,6997,12.24
Kentucky,Nicholas,948,1583,50,2581,Mitt Romney,635,1957,787,97,2841,Donald Trump,1170,10.07
Kentucky,Ohio,2987,6470,189,9646,Mitt Romney,3483,7942,2080,376,10398,Donald Trump,5862,7.8
Kentucky,Oldham,9240,20179,465,29884,Mitt Romney,10939,20469,10268,2116,32853,Donald Trump,10201,9.94
Kentucky,Owen,1501,2971,85,4557,Mitt Romney,1470,3745,1062,194,5001,Donald Trump,2683,9.74
Kentucky,Owsley,283,1279,18,1580,Mitt Romney,996,1474,256,29,1759,Donald Trump,1218,11.33
Kentucky,Pendleton,1859,3556,119,5534,Mitt Romney,1697,4604,1164,239,6007,Donald Trump,3440,8.55
Kentucky,Perry,2047,8040,154,10241,Mitt Romney,5993,8158,2136,278,10572,Donald Trump,6022,3.23
Kentucky,Pike,5646,17590,400,23636,Mitt Romney,11944,19747,4280,638,24665,Donald Trump,15467,4.35
Kentucky,Powell,1620,2766,95,4481,Mitt Romney,1146,3513,1272,172,4957,Donald Trump,2241,10.62
Kentucky,Pulaski,4976,20714,313,26003,Mitt Romney,15738,22902,4208,931,28041,Donald Trump,18694,7.84
Kentucky,Robertson,340,579,16,935,Mitt Romney,239,759,222,32,1013,Donald Trump,537,8.34
Kentucky,Rockcastle,1097,5028,91,6216,Mitt Romney,3931,5609,915,167,6691,Donald Trump,4694,7.64
Kentucky,Rowan,3438,4035,192,7665,Mitt Romney,597,5174,3295,379,8848,Donald Trump,1879,15.43
Kentucky,Russell,1445,6346,118,7909,Mitt Romney,4901,6863,1093,218,8174,Donald Trump,5770,3.35
Kentucky,Scott,7532,12679,362,20573,Mitt Romney,5147,15052,7715,1433,24200,Donald Trump,7337,17.63
Kentucky,Shelby,6634,11790,239,18663,Mitt Romney,5156,13196,6276,1108,20580,Donald Trump,6920,10.27
Kentucky,Simpson,2650,4355,88,7093,Mitt Romney,1705,5077,2144,310,7531,Donald Trump,2933,6.18
Kentucky,Spencer,2549,5726,156,8431,Mitt Romney,3177,7196,1921,398,9515,Donald Trump,5275,12.86
Kentucky,Taylor,3285,7551,114,10950,Mitt Romney,4266,8320,2553,433,11306,Donald Trump,5767,3.25
Kentucky,Todd,1403,3247,68,4718,Mitt Romney,1844,3612,1042,125,4779,Donald Trump,2570,1.29
Kentucky,Trigg,2115,4520,107,6742,Mitt Romney,2405,4931,1587,233,6751,Donald Trump,3344,0.13
Kentucky,Trimble,1355,2133,55,3543,Mitt Romney,778,2771,879,148,3798,Donald Trump,1892,7.2
Kentucky,Union,1942,3955,82,5979,Mitt Romney,2013,4701,1331,179,6211,Donald Trump,3370,3.88
Kentucky,Warren,16805,26384,714,43903,Mitt Romney,9579,28673,16966,2815,48454,Donald Trump,11707,10.37
Kentucky,Washington,1669,3495,55,5219,Mitt Romney,1826,4013,1420,203,5636,Donald Trump,2593,7.99
Kentucky,Wayne,1855,5289,66,7210,Mitt Romney,3434,6371,1431,190,7992,Donald Trump,4940,10.85
Kentucky,Webster,1765,3607,98,5470,Mitt Romney,1842,4397,1240,168,5805,Donald Trump,3157,6.12
Kentucky,Whitley,2683,10232,157,13072,Mitt Romney,7549,11312,2067,395,13774,Donald Trump,9245,5.37
Kentucky,Wolfe,976,1542,41,2559,Mitt Romney,566,1804,753,78,2635,Donald Trump,1051,2.97
Kentucky,Woodford,4883,7219,230,12332,Mitt Romney,2336,7697,4958,908,13563,Donald Trump,2739,9.98
Louisiana,Acadia,6560,19931,344,26835,Mitt Romney,13371,21162,5638,589,27389,Donald Trump,15524,2.06
Louisiana,Allen,2617,6495,195,9307,Mitt Romney,3878,6867,2106,272,9245,Donald Trump,4761,-0.67
Louisiana,Ascension,16349,33856,868,51073,Mitt Romney,17507,36143,16476,2059,54678,Donald Trump,19667,7.06
Louisiana,Assumption,4754,6083,155,10992,Mitt Romney,1329,6714,3931,259,10904,Donald Trump,2783,-0.8
Louisiana,Avoyelles,6077,10670,285,17032,Mitt Romney,4593,11165,5035,386,16586,Donald Trump,6130,-2.62
Louisiana,Beauregard,2828,11112,285,14225,Mitt Romney,8284,12238,2393,447,15078,Donald Trump,9845,6
Louisiana,Bienville,3490,3641,72,7203,Mitt Romney,151,3756,3129,120,7005,Donald Trump,627,-2.75
Louisiana,Bossier,12956,34988,618,48562,Mitt Romney,22032,35474,12641,1733,49848,Donald Trump,22833,2.65
Louisiana,Caddo,58042,52459,1264,111765,Barack Obama,5583,49006,53483,3315,105804,Hillary Clinton,4477,-5.33
Louisiana,Calcasieu,28359,51850,1517,81726,Mitt Romney,23491,54191,26296,3298,83785,Donald Trump,27895,2.52
Louisiana,Caldwell,1016,3640,60,4716,Mitt Romney,2624,3822,788,82,4692,Donald Trump,3034,-0.51
Louisiana,Cameron,408,3260,76,3744,Mitt Romney,2852,3256,323,113,3692,Donald Trump,2933,-1.39
Louisiana,Catahoula,1408,2744,41,4193,Mitt Romney,1336,3479,1322,55,4856,Donald Trump,2157,15.81
Louisiana,Claiborne,3014,3649,69,6732,Mitt Romney,635,3585,2717,119,6421,Donald Trump,868,-4.62
Louisiana,Concordia,3833,5450,97,9380,Mitt Romney,1617,5477,3272,123,8872,Donald Trump,2205,-5.42
Louisiana,De Soto,5553,7353,145,13051,Mitt Romney,1800,8068,5165,267,13500,Donald Trump,2903,3.44
Louisiana,East Baton Rouge,102656,92292,3223,198171,Barack Obama,10364,84660,102828,9003,196491,Hillary Clinton,18168,-0.85
Louisiana,East Carroll,2478,1508,22,4008,Barack Obama,970,1059,1838,42,2939,Hillary Clinton,779,-26.67
Louisiana,East Feliciana,4648,5397,164,10209,Mitt Romney,749,5569,4235,238,10042,Donald Trump,1334,-1.64
Louisiana,Evangeline,5330,10181,259,15770,Mitt Romney,4851,10360,4208,314,14882,Donald Trump,6152,-5.63
Louisiana,Franklin,2921,6294,121,9336,Mitt Romney,3373,6514,2506,142,9162,Donald Trump,4008,-1.86
Louisiana,Grant,1422,7082,163,8667,Mitt Romney,5660,7408,1181,232,8821,Donald Trump,6227,1.78
Louisiana,Iberia,12132,20892,373,33397,Mitt Romney,8760,20903,10698,853,32454,Donald Trump,10205,-2.82
Louisiana,Iberville,9548,7271,195,17014,Barack Obama,2277,7320,8324,399,16043,Hillary Clinton,1004,-5.71
Louisiana,Jackson,2305,5132,92,7529,Mitt Romney,2827,5169,2139,156,7464,Donald Trump,3030,-0.86
Louisiana,Jefferson,70384,102536,3423,176343,Mitt Romney,32152,100398,73670,7571,181639,Donald Trump,26728,3
Louisiana,Jefferson Davis,3484,10014,236,13734,Mitt Romney,6530,10775,3080,422,14277,Donald Trump,7695,3.95
Louisiana,La Salle,764,5726,82,6572,Mitt Romney,4962,5836,605,128,6569,Donald Trump,5231,-0.05
Louisiana,Lafayette,31768,64992,1882,98642,Mitt Romney,33224,68195,32726,4682,105603,Donald Trump,35469,7.06
Louisiana,Lafourche,9623,28592,860,39075,Mitt Romney,18969,31959,8423,1263,41645,Donald Trump,23536,6.58
Louisiana,Lincoln,7956,10739,298,18993,Mitt Romney,2783,10761,7107,801,18669,Donald Trump,3654,-1.71
Louisiana,Livingston,7451,45513,1098,54062,Mitt Romney,38062,48824,6950,1956,57730,Donald Trump,41874,6.78
Louisiana,Madison,3154,2000,33,5187,Barack Obama,1154,1927,2744,61,4732,Hillary Clinton,817,-8.77
Louisiana,Morehouse,5888,6591,135,12614,Mitt Romney,703,6502,5155,195,11852,Donald Trump,1347,-6.04
Louisiana,Natchitoches,7942,9077,239,17258,Mitt Romney,1135,8968,7144,509,16621,Donald Trump,1824,-3.69
Louisiana,Orleans,126722,28003,3088,157813,Barack Obama,98719,24292,133996,7524,165812,Hillary Clinton,109704,5.07
Louisiana,Ouachita,26645,40948,881,68474,Mitt Romney,14303,41734,24428,1855,68017,Donald Trump,17306,-0.67
Louisiana,Plaquemines,3599,6471,169,10239,Mitt Romney,2872,6900,3347,326,10573,Donald Trump,3553,3.26
Louisiana,Pointe Coupee,5436,6548,163,12147,Mitt Romney,1112,6789,4764,208,11761,Donald Trump,2025,-3.18
Louisiana,Rapides,20045,37193,781,58019,Mitt Romney,17148,36816,18322,1706,56844,Donald Trump,18494,-2.03
Louisiana,Red River,2253,2483,71,4807,Mitt Romney,230,2391,1938,93,4422,Donald Trump,453,-8.01
Louisiana,Richland,3387,5846,96,9329,Mitt Romney,2459,6287,3157,153,9597,Donald Trump,3130,2.87
Louisiana,Sabine,2194,7738,121,10053,Mitt Romney,5544,7879,1703,205,9787,Donald Trump,6176,-2.65
Louisiana,St. Bernard,5059,8501,395,13955,Mitt Romney,3442,10237,4960,618,15815,Donald Trump,5277,13.33
Louisiana,St. Charles,8896,15937,500,25333,Mitt Romney,7041,16621,8559,1012,26192,Donald Trump,8062,3.39
Louisiana,St. Helena,3780,2529,85,6394,Barack Obama,1251,2497,3353,114,5964,Hillary Clinton,856,-6.73
Louisiana,St. James,7059,5209,127,12395,Barack Obama,1850,5456,6418,211,12085,Hillary Clinton,962,-2.5
Louisiana,St. John the Baptist,13179,7620,324,21123,Barack Obama,5559,7569,12661,513,20743,Hillary Clinton,5092,-1.8
Louisiana,St. Landry,19668,21475,504,41647,Mitt Romney,1807,21971,17209,797,39977,Donald Trump,4762,-4.01
Louisiana,St. Martin,9422,15653,358,25433,Mitt Romney,6231,16873,8266,611,25750,Donald Trump,8607,1.25
Louisiana,St. Mary,9450,13885,305,23640,Mitt Romney,4435,14359,8050,468,22877,Donald Trump,6309,-3.23
Louisiana,St. Tammany,25728,84723,2451,112902,Mitt Romney,58995,90915,27717,5760,124392,Donald Trump,63198,10.18
Louisiana,Tangipahoa,17722,31590,787,50099,Mitt Romney,13868,33959,16878,1579,52416,Donald Trump,17081,4.62
Louisiana,Tensas,1564,1230,18,2812,Barack Obama,334,1182,1332,34,2548,Hillary Clinton,150,-9.39
Louisiana,Terrebonne,12074,29503,764,42341,Mitt Romney,17429,31902,10665,1329,43896,Donald Trump,21237,3.67
Louisiana,Union,3075,7561,130,10766,Mitt Romney,4486,7972,2691,231,10894,Donald Trump,5281,1.19
Louisiana,Vermilion,5720,18910,357,24987,Mitt Romney,13190,20063,4857,712,25632,Donald Trump,15206,2.58
Louisiana,Vernon,3173,12150,287,15610,Mitt Romney,8977,13471,2665,497,16633,Donald Trump,10806,6.55
Louisiana,Washington,6466,11798,317,18581,Mitt Romney,5332,12556,5692,380,18628,Donald Trump,6864,0.25
Louisiana,Webster,6802,11400,214,18416,Mitt Romney,4598,11542,6260,343,18145,Donald Trump,5282,-1.47
Louisiana,West Baton Rouge,5692,6922,160,12774,Mitt Romney,1230,6927,5383,402,12712,Donald Trump,1544,-0.49
Louisiana,West Carroll,853,3628,67,4548,Mitt Romney,2775,3970,715,74,4759,Donald Trump,3255,4.64
Louisiana,West Feliciana,2441,3257,79,5777,Mitt Romney,816,3390,2248,161,5799,Donald Trump,1142,0.38
Louisiana,Winn,1919,4541,74,6534,Mitt Romney,2622,4608,1644,120,6372,Donald Trump,2964,-2.48
Maine,Androscoggin,28989,22232,1641,52862,Barack Obama,6757,28227,23009,4365,55601,Donald Trump,5218,5.18
Maine,Aroostook,17777,15196,887,33860,Barack Obama,2581,19419,13386,2292,35097,Donald Trump,6033,3.65
Maine,Cumberland,101950,57821,4015,163786,Barack Obama,44129,57709,102981,11128,171818,Hillary Clinton,45272,4.9
Maine,Franklin,9367,6369,546,16282,Barack Obama,2998,7918,7016,1554,16488,Donald Trump,902,1.27
Maine,Hancock,17569,12324,906,30799,Barack Obama,5245,13705,16117,2308,32130,Hillary Clinton,2412,4.32
Maine,Kennebec,35068,26519,1910,63497,Barack Obama,8549,31675,29302,5231,66208,Donald Trump,2373,4.27
Maine,Knox,13223,8248,596,22067,Barack Obama,4975,9148,12443,1556,23147,Hillary Clinton,3295,4.89
Maine,Lincoln,11315,8899,543,20757,Barack Obama,2416,9727,10241,1535,21503,Hillary Clinton,514,3.59
Maine,Oxford,16330,11996,1094,29420,Barack Obama,4334,16210,12172,2819,31201,Donald Trump,4038,6.05
Maine,Penobscot,38811,36547,1948,77306,Barack Obama,2264,41622,32838,6080,80540,Donald Trump,8784,4.18
Maine,Piscataquis,4149,4530,276,8955,Mitt Romney,381,5406,3098,678,9182,Donald Trump,2308,2.53
Maine,Sagadahoc,11821,8429,544,20794,Barack Obama,3392,9304,10664,1648,21616,Hillary Clinton,1360,3.95
Maine,Somerset,12216,11800,771,24787,Barack Obama,416,15001,9092,1971,26064,Donald Trump,5909,5.15
Maine,Waldo,11296,9058,707,21061,Barack Obama,2238,10378,10440,1889,22707,Hillary Clinton,62,7.82
Maine,Washington,7803,7550,483,15836,Barack Obama,253,9093,6075,1197,16365,Donald Trump,3018,3.34
Maine,York,61551,43900,2606,108057,Barack Obama,17651,50403,55844,8027,114274,Hillary Clinton,5441,5.75
Maryland,Allegany,9805,19230,815,29850,Mitt Romney,9425,21270,7875,1509,30654,Donald Trump,13395,2.69
Maryland,Anne Arundel,126635,126832,6688,260155,Mitt Romney,197,122403,128419,19259,270081,Hillary Clinton,6016,3.82
Maryland,Baltimore,220322,154908,9552,384782,Barack Obama,65414,149477,218412,22793,390682,Hillary Clinton,68935,1.53
Maryland,Baltimore City,221478,28171,4356,254005,Barack Obama,193307,25205,202673,11524,239402,Hillary Clinton,177468,-5.75
Maryland,Calvert,20529,23952,1037,45518,Mitt Romney,3423,26176,18225,3007,47408,Donald Trump,7951,4.15
Maryland,Caroline,4970,8098,289,13357,Mitt Romney,3128,9368,4009,736,14113,Donald Trump,5359,5.66
Maryland,Carroll,27939,56761,2836,87536,Mitt Romney,28822,58215,26567,7066,91848,Donald Trump,31648,4.93
Maryland,Cecil,16557,24806,1117,42480,Mitt Romney,8249,28868,13650,2751,45269,Donald Trump,15218,6.57
Maryland,Charles,48774,25178,1270,75222,Barack Obama,23596,25614,49341,3348,78303,Hillary Clinton,23727,4.1
Maryland,Dorchester,7257,7976,211,15444,Mitt Romney,719,8413,6245,567,15225,Donald Trump,2168,-1.42
Maryland,Frederick,55146,58798,3171,117115,Mitt Romney,3652,59522,56522,9633,125677,Donald Trump,3000,7.31
Maryland,Garrett,3124,9743,290,13157,Mitt Romney,6619,10776,2567,668,14011,Donald Trump,8209,6.49
Maryland,Harford,49729,72911,3314,125954,Mitt Romney,23182,77860,47077,8735,133672,Donald Trump,30783,6.13
Maryland,Howard,91393,57758,3957,153108,Barack Obama,33635,47484,102597,12112,162193,Hillary Clinton,55113,5.93
Maryland,Kent,4842,4870,192,9904,Mitt Romney,28,4876,4575,570,10021,Donald Trump,301,1.18
Maryland,Montgomery,323400,123353,9239,455992,Barack Obama,200047,92704,357837,28332,478873,Hillary Clinton,265133,5.02
Maryland,Prince George's,347938,35734,4072,387744,Barack Obama,312204,32811,344049,13525,390385,Hillary Clinton,311238,0.68
Maryland,Queen Anne's,8556,15823,509,24888,Mitt Romney,7267,16993,7973,1557,26523,Donald Trump,9020,6.57
Maryland,Somerset,5240,5042,117,10399,Barack Obama,198,5341,4196,363,9900,Donald Trump,1145,-4.8
Maryland,St. Mary's,19711,26797,1316,47824,Mitt Romney,7086,28663,17534,3645,49842,Donald Trump,11129,4.22
Maryland,Talbot,8808,11339,312,20459,Mitt Romney,2531,10724,8653,1176,20553,Donald Trump,2071,0.46
Maryland,Washington,25042,36074,1639,62755,Mitt Romney,11032,40998,21129,3864,65991,Donald Trump,19869,5.16
Maryland,Wicomico,19635,21764,860,42259,Mitt Romney,2129,22198,18050,2299,42547,Donald Trump,4148,0.68
Maryland,Worcester,11014,15951,455,27420,Mitt Romney,4937,17210,9753,1310,28273,Donald Trump,7457,3.11
Massachusetts,Barnstable,70822,60446,1847,133115,Barack Obama,10376,54099,72430,7333,133862,Hillary Clinton,18331,0.56
Massachusetts,Berkshire,48843,14252,1391,64486,Barack Obama,34591,16839,43714,4250,64803,Hillary Clinton,26875,0.49
Massachusetts,Bristol,142962,93752,4795,241509,Barack Obama,49210,105443,129540,13976,248959,Hillary Clinton,24097,3.08
Massachusetts,Dukes,7978,2792,198,10968,Barack Obama,5186,2477,8400,625,11502,Hillary Clinton,5923,4.87
Massachusetts,Essex,210302,150480,5575,366357,Barack Obama,59822,136316,222310,21242,379868,Hillary Clinton,85994,3.69
Massachusetts,Franklin,27072,9344,1342,37758,Barack Obama,17728,10364,24478,3335,38177,Hillary Clinton,14114,1.11
Massachusetts,Hampden,123619,73392,3388,200399,Barack Obama,50227,78685,112590,11842,203117,Hillary Clinton,33905,1.36
Massachusetts,Hampshire,57359,21480,2782,81621,Barack Obama,35879,21790,55367,5799,82956,Hillary Clinton,33577,1.64
Massachusetts,Middlesex,471804,267321,15045,754170,Barack Obama,204483,219793,520360,43881,784034,Hillary Clinton,300567,3.96
Massachusetts,Nantucket,3830,2187,103,6120,Barack Obama,1643,1892,4146,368,6406,Hillary Clinton,2254,4.67
Massachusetts,Norfolk,202714,148393,5416,356523,Barack Obama,54321,119723,221819,20020,361562,Hillary Clinton,102096,1.41
Massachusetts,Plymouth,131845,121086,3600,256531,Barack Obama,10759,115369,135513,15981,266863,Hillary Clinton,20144,4.03
Massachusetts,Suffolk,223896,59999,5203,289098,Barack Obama,163897,50421,245751,12569,308741,Hillary Clinton,195330,6.79
Massachusetts,Worcester,198244,163390,7478,369112,Barack Obama,34854,157682,198778,27245,383705,Hillary Clinton,41096,3.95
Michigan,Alcona,2472,3571,61,6104,Mitt Romney,1099,4201,1732,265,6198,Donald Trump,2469,1.54
Michigan,Alger,2212,2330,76,4618,Mitt Romney,118,2585,1663,270,4518,Donald Trump,922,-2.17
Michigan,Allegan,20806,31123,690,52619,Mitt Romney,10317,34183,18050,3553,55786,Donald Trump,16133,6.02
Michigan,Alpena,6549,7298,167,14014,Mitt Romney,749,9090,4877,731,14698,Donald Trump,4213,4.88
Michigan,Antrim,5107,7917,171,13195,Mitt Romney,2810,8469,4448,665,13582,Donald Trump,4021,2.93
Michigan,Arenac,3669,4057,115,7841,Mitt Romney,388,4950,2384,362,7696,Donald Trump,2566,-1.85
Michigan,Baraga,1574,1866,50,3490,Mitt Romney,292,2158,1156,176,3490,Donald Trump,1002,0
Michigan,Barry,11491,16655,366,28512,Mitt Romney,5164,19202,9114,2013,30329,Donald Trump,10088,6.37
Michigan,Bay,27877,24911,593,53381,Barack Obama,2966,28328,21642,3007,52977,Donald Trump,6686,-0.76
Michigan,Benzie,4685,5075,141,9901,Mitt Romney,390,5539,4108,581,10228,Donald Trump,1431,3.3
Michigan,Berrien,33465,38209,823,72497,Mitt Romney,4744,38647,29495,3889,72031,Donald Trump,9152,-0.64
Michigan,Branch,6913,10035,199,17147,Mitt Romney,3122,11786,5061,816,17663,Donald Trump,6725,3.01
Michigan,Calhoun,29267,28333,727,58327,Barack Obama,934,31494,24157,3251,58902,Donald Trump,7337,0.99
Michigan,Cass,9591,12659,240,22490,Mitt Romney,3068,14243,7270,1082,22595,Donald Trump,6973,0.47
Michigan,Charlevoix,5939,8000,151,14090,Mitt Romney,2061,8674,5137,778,14589,Donald Trump,3537,3.54
Michigan,Cheboygan,5831,7286,194,13311,Mitt Romney,1455,8683,4302,687,13672,Donald Trump,4381,2.71
Michigan,Chippewa,7100,8278,186,15564,Mitt Romney,1178,9122,5379,955,15456,Donald Trump,3743,-0.69
Michigan,Clare,6338,6988,178,13504,Mitt Romney,650,8505,4249,635,13389,Donald Trump,4256,-0.85
Michigan,Clinton,18191,20650,394,39235,Mitt Romney,2459,21636,16492,2527,40655,Donald Trump,5144,3.62
Michigan,Crawford,2994,3744,76,6814,Mitt Romney,750,4354,2110,380,6844,Donald Trump,2244,0.44
Michigan,Delta,8330,9534,186,18050,Mitt Romney,1204,11121,6436,935,18492,Donald Trump,4685,2.45
Michigan,Dickinson,4952,7688,170,12810,Mitt Romney,2736,8580,3923,662,13165,Donald Trump,4657,2.77
Michigan,Eaton,27913,26197,678,54788,Barack Obama,1716,27609,24938,3674,56221,Donald Trump,2671,2.62
Michigan,Emmet,7225,10253,231,17709,Mitt Romney,3028,10616,6972,1214,18802,Donald Trump,3644,6.17
Michigan,Genesee,128978,71808,2147,202933,Barack Obama,57170,84175,102751,9370,196296,Hillary Clinton,18576,-3.27
Michigan,Gladwin,5760,6661,162,12583,Mitt Romney,901,8124,3794,554,12472,Donald Trump,4330,-0.88
Michigan,Gogebic,4058,3444,74,7576,Barack Obama,614,4018,2925,386,7329,Donald Trump,1093,-3.26
Michigan,Grand Traverse,20875,26534,590,47999,Mitt Romney,5659,27413,20965,3211,51589,Donald Trump,6448,7.48
Michigan,Gratiot,7610,8241,184,16035,Mitt Romney,631,9880,5666,919,16465,Donald Trump,4214,2.68
Michigan,Hillsdale,7106,11727,267,19100,Mitt Romney,4621,14095,4799,1046,19940,Donald Trump,9296,4.4
Michigan,Houghton,6801,8196,285,15282,Mitt Romney,1395,8475,6018,1131,15624,Donald Trump,2457,2.24
Michigan,Huron,6518,8806,160,15484,Mitt Romney,2288,10692,4579,646,15917,Donald Trump,6113,2.8
Michigan,Ingham,80847,45306,1757,127910,Barack Obama,35541,43868,79110,8160,131138,Hillary Clinton,35242,2.52
Michigan,Ionia,11018,14315,428,25761,Mitt Romney,3297,16635,8352,1867,26854,Donald Trump,8283,4.24
Michigan,Iosco,6242,6909,193,13344,Mitt Romney,667,8345,4345,671,13361,Donald Trump,4000,0.13
Michigan,Iron,2687,3224,77,5988,Mitt Romney,537,3675,2004,231,5910,Donald Trump,1671,-1.3
Michigan,Isabella,13038,10800,281,24119,Barack Obama,2238,12338,11404,1650,25392,Donald Trump,934,5.28
Michigan,Jackson,32301,36298,847,69446,Mitt Romney,3997,39793,25795,4089,69677,Donald Trump,13998,0.33
Michigan,Kalamazoo,69051,52662,1465,123178,Barack Obama,16389,51034,67148,8117,126299,Hillary Clinton,16114,2.53
Michigan,Kalkaska,3272,4901,126,8299,Mitt Romney,1629,6116,2280,437,8833,Donald Trump,3836,6.43
Michigan,Kent,133408,155925,3652,292985,Mitt Romney,22517,148180,138683,21321,308184,Donald Trump,9497,5.19
Michigan,Keweenaw,582,774,36,1392,Mitt Romney,192,814,527,93,1434,Donald Trump,287,3.02
Michigan,Lake,2752,2487,48,5287,Barack Obama,265,3159,1939,230,5328,Donald Trump,1220,0.78
Michigan,Lapeer,18796,23734,585,43115,Mitt Romney,4938,30037,12734,2412,45183,Donald Trump,17303,4.8
Michigan,Leelanau,6576,7483,117,14176,Mitt Romney,907,7239,6774,744,14757,Donald Trump,465,4.1
Michigan,Lenawee,21776,22351,597,44724,Mitt Romney,575,26430,16750,2759,45939,Donald Trump,9680,2.72
Michigan,Livingston,37216,60083,1038,98337,Mitt Romney,22867,65680,34384,5802,105866,Donald Trump,31296,7.66
Michigan,Luce,991,1580,25,2596,Mitt Romney,589,1756,681,142,2579,Donald Trump,1075,-0.65
Michigan,Mackinac,2652,3397,50,6099,Mitt Romney,745,3744,2085,268,6097,Donald Trump,1659,-0.03
Michigan,Macomb,208016,191913,4157,404086,Barack Obama,16103,224665,176317,18330,419312,Donald Trump,48348,3.77
Michigan,Manistee,6473,5737,192,12402,Barack Obama,736,6915,4979,705,12599,Donald Trump,1936,1.59
Michigan,Marquette,18115,13606,473,32194,Barack Obama,4509,14646,16042,2288,32976,Hillary Clinton,1396,2.43
Michigan,Mason,6856,7580,168,14604,Mitt Romney,724,8505,5281,899,14685,Donald Trump,3224,0.55
Michigan,Mecosta,7515,9176,222,16913,Mitt Romney,1661,10305,5827,1036,17168,Donald Trump,4478,1.51
Michigan,Menominee,5242,5564,117,10923,Mitt Romney,322,6702,3539,527,10768,Donald Trump,3163,-1.42
Michigan,Midland,17450,23919,385,41754,Mitt Romney,6469,23846,15635,3025,42506,Donald Trump,8211,1.8
Michigan,Missaukee,2274,4665,88,7027,Mitt Romney,2391,5386,1565,366,7317,Donald Trump,3821,4.13
Michigan,Monroe,36310,35593,950,72853,Barack Obama,717,43261,26863,4094,74218,Donald Trump,16398,1.87
Michigan,Montcalm,11430,13621,380,25431,Mitt Romney,2191,16907,7874,1828,26609,Donald Trump,9033,4.63
Michigan,Montmorency,2049,2928,74,5051,Mitt Romney,879,3498,1287,224,5009,Donald Trump,2211,-0.83
Michigan,Muskegon,44436,30884,843,76163,Barack Obama,13552,36127,37304,4657,78088,Hillary Clinton,1177,2.53
Michigan,Newaygo,8728,12457,293,21478,Mitt Romney,3729,15173,6212,1255,22640,Donald Trump,8961,5.41
Michigan,Oakland,349002,296514,6091,651607,Barack Obama,52488,289203,343070,32341,664614,Hillary Clinton,53867,2
Michigan,Oceana,5063,6239,148,11450,Mitt Romney,1176,7228,3973,729,11930,Donald Trump,3255,4.19
Michigan,Ogemaw,4791,5437,133,10361,Mitt Romney,646,6827,3030,530,10387,Donald Trump,3797,0.25
Michigan,Ontonagon,1586,1906,47,3539,Mitt Romney,320,2066,1176,184,3426,Donald Trump,890,-3.19
Michigan,Osceola,3981,6141,156,10278,Mitt Romney,2160,7336,2705,568,10609,Donald Trump,4631,3.22
Michigan,Oscoda,1657,2308,77,4042,Mitt Romney,651,2843,1044,186,4073,Donald Trump,1799,0.77
Michigan,Otsego,4681,7011,140,11832,Mitt Romney,2330,8266,3556,716,12538,Donald Trump,4710,5.97
Michigan,Ottawa,42737,88166,1409,132312,Mitt Romney,45429,88467,44973,9294,142734,Donald Trump,43494,7.88
Michigan,Presque Isle,3192,3794,94,7080,Mitt Romney,602,4488,2400,330,7218,Donald Trump,2088,1.95
Michigan,Roscommon,6198,6701,133,13032,Mitt Romney,503,8141,4287,613,13041,Donald Trump,3854,0.07
Michigan,Saginaw,54381,42720,961,98062,Barack Obama,11661,45469,44396,4455,94320,Donald Trump,1073,-3.82
Michigan,Sanilac,7212,10963,194,18369,Mitt Romney,3751,13446,4873,930,19249,Donald Trump,8573,4.79
Michigan,Schoolcraft,1865,2142,41,4048,Mitt Romney,277,2556,1369,229,4154,Donald Trump,1187,2.62
Michigan,Shiawassee,17197,15962,520,33679,Barack Obama,1235,19230,12546,2335,34111,Donald Trump,6684,1.28
Michigan,St. Clair,33983,39271,927,74181,Mitt Romney,5288,49051,24553,4399,78003,Donald Trump,24498,5.15
Michigan,St. Joseph,10112,12978,251,23341,Mitt Romney,2866,14884,7526,1347,23757,Donald Trump,7358,1.78
Michigan,Tuscola,11425,14240,338,26003,Mitt Romney,2815,17102,7429,1265,25796,Donald Trump,9673,-0.8
Michigan,Van Buren,16290,16141,406,32837,Barack Obama,149,17890,13258,2126,33274,Donald Trump,4632,1.33
Michigan,Washtenaw,120890,56412,2290,179592,Barack Obama,64478,50631,128483,9464,188578,Hillary Clinton,77852,5
Michigan,Wayne,595846,213814,6165,815825,Barack Obama,382032,228993,519444,29401,777838,Hillary Clinton,290451,-4.66
Michigan,Wexford,6184,8450,219,14853,Mitt Romney,2266,10000,4436,862,15298,Donald Trump,5564,3
Minnesota,Aitkin,4412,4533,197,9142,Mitt Romney,121,5516,3134,581,9231,Donald Trump,2382,0.97
Minnesota,Anoka,88614,93430,4421,186465,Mitt Romney,4816,93339,75500,16919,185758,Donald Trump,17839,-0.38
Minnesota,Becker,6829,9204,349,16382,Mitt Romney,2375,10880,5208,1134,17222,Donald Trump,5672,5.13
Minnesota,Beltrami,11818,9637,596,22051,Barack Obama,2181,10783,8688,2093,21564,Donald Trump,2095,-2.21
Minnesota,Benton,8173,10849,597,19619,Mitt Romney,2676,12872,5640,1546,20058,Donald Trump,7232,2.24
Minnesota,Big Stone,1345,1385,59,2789,Mitt Romney,40,1608,921,226,2755,Donald Trump,687,-1.22
Minnesota,Blue Earth,18164,14916,1194,34274,Barack Obama,3248,15667,14428,3498,33593,Donald Trump,1239,-1.99
Minnesota,Brown,5630,7938,361,13929,Mitt Romney,2308,8708,3763,1308,13779,Donald Trump,4945,-1.08
Minnesota,Carlton,11389,6586,461,18436,Barack Obama,4803,8160,8460,1591,18211,Hillary Clinton,300,-1.22
Minnesota,Carver,20745,31155,999,52899,Mitt Romney,10410,29056,21508,5132,55696,Donald Trump,7548,5.29
Minnesota,Cass,6858,8957,326,16141,Mitt Romney,2099,9982,4949,1068,15999,Donald Trump,5033,-0.88
Minnesota,Chippewa,3083,2967,151,6201,Barack Obama,116,3764,1978,480,6222,Donald Trump,1786,0.34
Minnesota,Chisago,12524,16227,690,29441,Mitt Romney,3703,18441,9278,2509,30228,Donald Trump,9163,2.67
Minnesota,Clay,15208,12920,758,28886,Barack Obama,2288,13543,12971,2884,29398,Donald Trump,572,1.77
Minnesota,Clearwater,1753,2359,85,4197,Mitt Romney,606,2925,1100,220,4245,Donald Trump,1825,1.14
Minnesota,Cook,1993,1221,108,3322,Barack Obama,772,1156,1912,327,3395,Hillary Clinton,756,2.2
Minnesota,Cottonwood,2433,3316,113,5862,Mitt Romney,883,3679,1678,364,5721,Donald Trump,2001,-2.41
Minnesota,Crow Wing,14760,19415,745,34920,Mitt Romney,4655,22287,10982,2573,35842,Donald Trump,11305,2.64
Minnesota,Dakota,116255,109516,5050,230821,Barack Obama,6739,99583,110483,21374,231440,Hillary Clinton,10900,0.27
Minnesota,Dodge,4487,5522,318,10327,Mitt Romney,1035,6527,3102,1025,10654,Donald Trump,3425,3.17
Minnesota,Douglas,8653,11884,416,20953,Mitt Romney,3231,13966,6227,1592,21785,Donald Trump,7739,3.97
Minnesota,Faribault,3407,4104,202,7713,Mitt Romney,697,4659,2153,600,7412,Donald Trump,2506,-3.9
Minnesota,Fillmore,5713,4913,266,10892,Barack Obama,800,6271,3872,912,11055,Donald Trump,2399,1.5
Minnesota,Freeborn,9326,6969,411,16706,Barack Obama,2357,8808,6041,1202,16051,Donald Trump,2767,-3.92
Minnesota,Goodhue,12212,12986,603,25801,Mitt Romney,774,14041,9446,2230,25717,Donald Trump,4595,-0.33
Minnesota,Grant,1647,1748,92,3487,Mitt Romney,101,2063,1105,305,3473,Donald Trump,958,-0.4
Minnesota,Hennepin,423982,240073,16010,680065,Barack Obama,183909,191770,429288,58919,679977,Hillary Clinton,237518,-0.01
Minnesota,Houston,5281,4951,214,10446,Barack Obama,330,5616,4145,843,10604,Donald Trump,1471,1.51
Minnesota,Hubbard,4676,6622,222,11520,Mitt Romney,1946,7261,3423,821,11505,Donald Trump,3838,-0.13
Minnesota,Isanti,8024,11675,518,20217,Mitt Romney,3651,13635,5657,1724,21016,Donald Trump,7978,3.95
Minnesota,Itasca,12852,10501,566,23919,Barack Obama,2351,12920,9015,1945,23880,Donald Trump,3905,-0.16
Minnesota,Jackson,2268,3044,118,5430,Mitt Romney,776,3609,1492,383,5484,Donald Trump,2117,0.99
Minnesota,Kanabec,3593,4328,229,8150,Mitt Romney,735,5230,2327,620,8177,Donald Trump,2903,0.33
Minnesota,Kandiyohi,9805,11240,420,21465,Mitt Romney,1435,12785,7266,1721,21772,Donald Trump,5519,1.43
Minnesota,Kittson,1241,1095,84,2420,Barack Obama,146,1349,823,213,2385,Donald Trump,526,-1.45
Minnesota,Koochiching,3451,2841,166,6458,Barack Obama,610,3569,2306,488,6363,Donald Trump,1263,-1.47
Minnesota,Lac Qui Parle,1974,1938,72,3984,Barack Obama,36,2293,1305,262,3860,Donald Trump,988,-3.11
Minnesota,Lake,4043,2610,167,6820,Barack Obama,1433,2932,3077,512,6521,Hillary Clinton,145,-4.38
Minnesota,Lake of the Woods,859,1306,69,2234,Mitt Romney,447,1540,553,149,2242,Donald Trump,987,0.36
Minnesota,Le Sueur,6753,7715,327,14795,Mitt Romney,962,9182,4623,1166,14971,Donald Trump,4559,1.19
Minnesota,Lincoln,1429,1595,96,3120,Mitt Romney,166,1931,860,228,3019,Donald Trump,1071,-3.24
Minnesota,Lyon,5465,6594,329,12388,Mitt Romney,1129,7256,3825,1134,12215,Donald Trump,3431,-1.4
Minnesota,Mahnomen,1276,871,35,2182,Barack Obama,405,991,930,167,2088,Donald Trump,61,-4.31
Minnesota,Marshall,1998,2569,131,4698,Mitt Romney,571,3208,1225,384,4817,Donald Trump,1983,2.53
Minnesota,Martin,4054,6657,257,10968,Mitt Romney,2603,7062,2733,736,10531,Donald Trump,4329,-3.98
Minnesota,McLeod,6968,11069,516,18553,Mitt Romney,4101,12155,4978,1674,18807,Donald Trump,7177,1.37
Minnesota,Meeker,4969,6913,332,12214,Mitt Romney,1944,8104,3191,987,12282,Donald Trump,4913,0.56
Minnesota,Mille Lacs,5829,6951,311,13091,Mitt Romney,1122,8340,3710,967,13017,Donald Trump,4630,-0.57
Minnesota,Morrison,6153,10159,402,16714,Mitt Romney,4006,12925,3637,1052,17614,Donald Trump,9288,5.38
Minnesota,Mower,11129,6938,472,18539,Barack Obama,4191,8823,7437,1455,17715,Donald Trump,1386,-4.44
Minnesota,Murray,2160,2504,103,4767,Mitt Romney,344,2974,1295,399,4668,Donald Trump,1679,-2.08
Minnesota,Nicollet,9652,8214,491,18357,Barack Obama,1438,8437,7886,1774,18097,Donald Trump,551,-1.42
Minnesota,Nobles,3793,4581,146,8520,Mitt Romney,788,5299,2733,600,8632,Donald Trump,2566,1.31
Minnesota,Norman,1730,1384,93,3207,Barack Obama,346,1699,1264,298,3261,Donald Trump,435,1.68
Minnesota,Olmsted,39338,36832,2146,78316,Barack Obama,2506,35668,36268,8193,80129,Hillary Clinton,600,2.31
Minnesota,Otter Tail,12165,18860,645,31670,Mitt Romney,6695,20939,9340,2221,32500,Donald Trump,11599,2.62
Minnesota,Pennington,3024,3305,188,6517,Mitt Romney,281,4000,2147,568,6715,Donald Trump,1853,3.04
Minnesota,Pine,6750,6845,370,13965,Mitt Romney,95,8191,4580,1040,13811,Donald Trump,3611,-1.1
Minnesota,Pipestone,1725,2826,95,4646,Mitt Romney,1101,3338,1127,343,4808,Donald Trump,2211,3.49
Minnesota,Polk,6773,7615,305,14693,Mitt Romney,842,8979,4712,1105,14796,Donald Trump,4267,0.7
Minnesota,Pope,2981,3142,123,6246,Mitt Romney,161,3793,2106,420,6319,Donald Trump,1687,1.17
Minnesota,Ramsey,184938,86800,7084,278822,Barack Obama,98138,70894,177738,24511,273143,Hillary Clinton,106844,-2.04
Minnesota,Red Lake,928,978,69,1975,Mitt Romney,50,1141,540,200,1881,Donald Trump,601,-4.76
Minnesota,Redwood,3008,4570,212,7790,Mitt Romney,1562,5137,1887,587,7611,Donald Trump,3250,-2.3
Minnesota,Renville,3394,4149,167,7710,Mitt Romney,755,4890,2117,599,7606,Donald Trump,2773,-1.35
Minnesota,Rice,17054,14384,829,32267,Barack Obama,2670,15429,14437,2577,32443,Donald Trump,992,0.55
Minnesota,Rock,1946,2810,90,4846,Mitt Romney,864,3091,1373,375,4839,Donald Trump,1718,-0.14
Minnesota,Roseau,2772,4409,171,7352,Mitt Romney,1637,5451,1856,497,7804,Donald Trump,3595,6.15
Minnesota,Saint Louis,73378,39131,3085,115594,Barack Obama,34247,44630,57771,10021,112422,Hillary Clinton,13141,-2.74
Minnesota,Scott,29712,40323,1612,71647,Mitt Romney,10611,39948,28502,6579,75029,Donald Trump,11446,4.72
Minnesota,Sherburne,17597,27848,1064,46509,Mitt Romney,10251,31053,13293,3937,48283,Donald Trump,17760,3.81
Minnesota,Sibley,2916,4693,206,7815,Mitt Romney,1777,5193,1954,627,7774,Donald Trump,3239,-0.52
Minnesota,Stearns,33551,43015,1911,78477,Mitt Romney,9464,47617,25576,6399,79592,Donald Trump,22041,1.42
Minnesota,Steele,8706,9903,515,19124,Mitt Romney,1197,11198,6241,1740,19179,Donald Trump,4957,0.29
Minnesota,Stevens,2742,2766,144,5652,Mitt Romney,24,2799,2116,483,5398,Donald Trump,683,-4.49
Minnesota,Swift,2751,2248,120,5119,Barack Obama,503,2963,1686,345,4994,Donald Trump,1277,-2.44
Minnesota,Todd,4819,6719,265,11803,Mitt Romney,1900,8485,2783,725,11993,Donald Trump,5702,1.61
Minnesota,Traverse,943,861,43,1847,Barack Obama,82,1049,630,119,1798,Donald Trump,419,-2.65
Minnesota,Wabasha,5415,6049,299,11763,Mitt Romney,634,6989,3866,977,11832,Donald Trump,3123,0.59
Minnesota,Wadena,2492,4143,156,6791,Mitt Romney,1651,4837,1684,413,6934,Donald Trump,3153,2.11
Minnesota,Waseca,4370,5116,261,9747,Mitt Romney,746,5967,2838,848,9653,Donald Trump,3129,-0.96
Minnesota,Washington,70203,69137,2793,142133,Barack Obama,1066,64428,67086,12721,144235,Hillary Clinton,2658,1.48
Minnesota,Watonwan,2494,2517,133,5144,Mitt Romney,23,2768,1814,416,4998,Donald Trump,954,-2.84
Minnesota,Wilkin,1258,1884,80,3222,Mitt Romney,626,2129,893,280,3302,Donald Trump,1236,2.48
Minnesota,Winona,14980,11480,772,27232,Barack Obama,3500,12122,11366,2586,26074,Donald Trump,756,-4.25
Minnesota,Wright,25741,40466,1609,67816,Mitt Romney,14725,43274,20334,6010,69618,Donald Trump,22940,2.66
Minnesota,Yellow Medicine,2465,2806,143,5414,Mitt Romney,341,3382,1524,370,5276,Donald Trump,1858,-2.55
Mississippi,Adams,9061,6293,93,15447,Barack Obama,2768,5874,7757,205,13836,Hillary Clinton,1883,-10.43
Mississippi,Alcorn,3511,11111,208,14830,Mitt Romney,7600,11819,2684,280,14783,Donald Trump,9135,-0.32
Mississippi,Amite,3242,4414,50,7706,Mitt Romney,1172,4289,2697,64,7050,Donald Trump,1592,-8.51
Mississippi,Attala,3927,5126,39,9092,Mitt Romney,1199,4897,3242,117,8256,Donald Trump,1655,-9.19
Mississippi,Benton,2051,2041,24,4116,Barack Obama,10,2251,1719,43,4013,Donald Trump,532,-2.5
Mississippi,Bolivar,10582,4701,145,15428,Barack Obama,5881,4590,9046,188,13824,Hillary Clinton,4456,-10.4
Mississippi,Calhoun,2586,4412,70,7068,Mitt Romney,1826,4390,1910,96,6396,Donald Trump,2480,-9.51
Mississippi,Carroll,2007,3960,25,5992,Mitt Romney,1953,3799,1680,49,5528,Donald Trump,2119,-7.74
Mississippi,Chickasaw,4378,3994,131,8503,Barack Obama,384,4127,3649,114,7890,Donald Trump,478,-7.21
Mississippi,Choctaw,1428,2812,33,4273,Mitt Romney,1384,2788,1218,59,4065,Donald Trump,1570,-4.87
Mississippi,Claiborne,4838,625,21,5484,Barack Obama,4213,540,3708,24,4272,Hillary Clinton,3168,-22.1
Mississippi,Clarke,3111,5049,93,8253,Mitt Romney,1938,5137,2585,69,7791,Donald Trump,2552,-5.6
Mississippi,Clay,6712,4291,69,11072,Barack Obama,2421,4150,5722,131,10003,Hillary Clinton,1572,-9.65
Mississippi,Coahoma,7792,2712,45,10549,Barack Obama,5080,2426,6378,108,8912,Hillary Clinton,3952,-15.52
Mississippi,Copiah,7749,6282,92,14123,Barack Obama,1467,6103,6741,138,12982,Hillary Clinton,638,-8.08
Mississippi,Covington,3878,5405,65,9348,Mitt Romney,1527,5435,3276,100,8811,Donald Trump,2159,-5.74
Mississippi,DeSoto,21575,43559,660,65794,Mitt Romney,21984,43089,20591,2015,65695,Donald Trump,22498,-0.15
Mississippi,Forrest,13272,16574,390,30236,Mitt Romney,3302,15461,11716,887,28064,Donald Trump,3745,-7.18
Mississippi,Franklin,1726,2735,32,4493,Mitt Romney,1009,2721,1502,67,4290,Donald Trump,1219,-4.52
Mississippi,George,1359,8376,121,9856,Mitt Romney,7017,8696,1027,168,9891,Donald Trump,7669,0.36
Mississippi,Greene,1325,4531,66,5922,Mitt Romney,3206,4335,974,60,5369,Donald Trump,3361,-9.34
Mississippi,Grenada,5288,5986,61,11335,Mitt Romney,698,5970,4424,119,10513,Donald Trump,1546,-7.25
Mississippi,Hancock,3917,12964,286,17167,Mitt Romney,9047,13811,3344,482,17637,Donald Trump,10467,2.74
Mississippi,Harrison,23119,39470,739,63328,Mitt Romney,16351,40354,21169,1790,63313,Donald Trump,19185,-0.02
Mississippi,Hinds,76112,29664,715,106491,Barack Obama,46448,25275,67594,1812,94681,Hillary Clinton,42319,-11.09
Mississippi,Holmes,7812,1435,41,9288,Barack Obama,6377,1309,6689,78,8076,Hillary Clinton,5380,-13.05
Mississippi,Humphreys,3903,1293,16,5212,Barack Obama,2610,1151,3071,31,4253,Hillary Clinton,1920,-18.4
Mississippi,Issaquena,479,302,6,787,Barack Obama,177,298,395,6,699,Hillary Clinton,97,-11.18
Mississippi,Itawamba,1706,7393,219,9318,Mitt Romney,5687,8470,1117,150,9737,Donald Trump,7353,4.5
Mississippi,Jackson,17299,35747,609,53655,Mitt Romney,18448,33629,14657,1281,49567,Donald Trump,18972,-7.62
Mississippi,Jasper,5097,4193,50,9340,Barack Obama,904,4038,4368,69,8475,Hillary Clinton,330,-9.26
Mississippi,Jefferson,3951,468,14,4433,Barack Obama,3483,490,3337,33,3860,Hillary Clinton,2847,-12.93
Mississippi,Jefferson Davis,4267,2507,90,6864,Barack Obama,1760,2466,3720,51,6237,Hillary Clinton,1254,-9.13
Mississippi,Jones,9211,20687,261,30159,Mitt Romney,11476,20133,7791,428,28352,Donald Trump,12342,-5.99
Mississippi,Kemper,3239,1789,24,5052,Barack Obama,1450,1778,2827,34,4639,Hillary Clinton,1049,-8.17
Mississippi,Lafayette,8091,11075,339,19505,Mitt Romney,2984,10872,7969,802,19643,Donald Trump,2903,0.71
Mississippi,Lamar,5494,19101,294,24889,Mitt Romney,13607,18751,5190,651,24592,Donald Trump,13561,-1.19
Mississippi,Lauderdale,13814,18700,263,32777,Mitt Romney,4886,17741,11269,496,29506,Donald Trump,6472,-9.98
Mississippi,Lawrence,2468,4192,38,6698,Mitt Romney,1724,4091,2195,78,6364,Donald Trump,1896,-4.99
Mississippi,Leake,4079,4863,41,8983,Mitt Romney,784,4782,3584,83,8449,Donald Trump,1198,-5.94
Mississippi,Lee,12563,22415,328,35306,Mitt Romney,9852,22220,10029,664,32913,Donald Trump,12191,-6.78
Mississippi,Leflore,9119,3587,67,12773,Barack Obama,5532,3212,7787,141,11140,Hillary Clinton,4575,-12.78
Mississippi,Lincoln,5471,10839,104,16414,Mitt Romney,5368,10550,4458,185,15193,Donald Trump,6092,-7.44
Mississippi,Lowndes,13388,13518,252,27158,Mitt Romney,130,13271,11819,485,25575,Donald Trump,1452,-5.83
Mississippi,Madison,20722,28507,342,49571,Mitt Romney,7785,28265,20343,1194,49802,Donald Trump,7922,0.47
Mississippi,Marion,4393,8237,99,12729,Mitt Romney,3844,7836,3677,180,11693,Donald Trump,4159,-8.14
Mississippi,Marshall,9650,6473,117,16240,Barack Obama,3177,6587,8023,229,14839,Hillary Clinton,1436,-8.63
Mississippi,Monroe,7056,9723,139,16918,Mitt Romney,2667,10167,5524,193,15884,Donald Trump,4643,-6.11
Mississippi,Montgomery,2675,2947,23,5645,Mitt Romney,272,2818,2115,63,4996,Donald Trump,703,-11.5
Mississippi,Neshoba,3089,7837,89,11015,Mitt Romney,4748,7679,2715,159,10553,Donald Trump,4964,-4.19
Mississippi,Newton,3319,6394,64,9777,Mitt Romney,3075,6548,2756,134,9438,Donald Trump,3792,-3.47
Mississippi,Noxubee,4920,1325,19,6264,Barack Obama,3595,1200,4347,27,5574,Hillary Clinton,3147,-11.02
Mississippi,Oktibbeha,9095,8761,261,18117,Barack Obama,334,8576,8859,689,18124,Hillary Clinton,283,0.04
Mississippi,Panola,9079,7629,118,16826,Barack Obama,1450,7449,7431,184,15064,Donald Trump,18,-10.47
Mississippi,Pearl River,4366,17549,309,22224,Mitt Romney,13183,17782,3604,497,21883,Donald Trump,14178,-1.53
Mississippi,Perry,1527,4137,58,5722,Mitt Romney,2610,4135,1220,77,5432,Donald Trump,2915,-5.07
Mississippi,Pike,9650,8181,143,17974,Barack Obama,1469,8009,8043,258,16310,Hillary Clinton,34,-9.26
Mississippi,Pontotoc,2804,9448,159,12411,Mitt Romney,6644,10336,2386,262,12984,Donald Trump,7950,4.62
Mississippi,Prentiss,2817,7075,141,10033,Mitt Romney,4258,7648,2067,157,9872,Donald Trump,5581,-1.6
Mississippi,Quitman,2837,1116,26,3979,Barack Obama,1721,1001,2312,52,3365,Hillary Clinton,1311,-15.43
Mississippi,Rankin,14988,48444,713,64145,Mitt Romney,33456,47178,14110,1480,62768,Donald Trump,33068,-2.15
Mississippi,Scott,5031,6089,82,11202,Mitt Romney,1058,6122,4268,132,10522,Donald Trump,1854,-6.07
Mississippi,Sharkey,1782,737,13,2532,Barack Obama,1045,692,1479,19,2190,Hillary Clinton,787,-13.51
Mississippi,Simpson,4723,7424,102,12249,Mitt Romney,2701,7393,3874,152,11419,Donald Trump,3519,-6.78
Mississippi,Smith,1979,6049,71,8099,Mitt Romney,4070,5928,1617,82,7627,Donald Trump,4311,-5.83
Mississippi,Stone,2003,5420,109,7532,Mitt Romney,3417,5306,1573,166,7045,Donald Trump,3733,-6.47
Mississippi,Sunflower,8199,2929,100,11228,Barack Obama,5270,2794,6725,79,9598,Hillary Clinton,3931,-14.52
Mississippi,Tallahatchie,3959,2499,45,6503,Barack Obama,1460,2462,3337,71,5870,Hillary Clinton,875,-9.73
Mississippi,Tate,4933,7332,141,12406,Mitt Romney,2399,7495,3926,206,11627,Donald Trump,3569,-6.28
Mississippi,Tippah,2317,6717,130,9164,Mitt Romney,4400,7240,1842,153,9235,Donald Trump,5398,0.77
Mississippi,Tishomingo,1643,6133,160,7936,Mitt Romney,4490,7166,999,206,8371,Donald Trump,6167,5.48
Mississippi,Tunica,3475,883,24,4382,Barack Obama,2592,853,2667,47,3567,Hillary Clinton,1814,-18.6
Mississippi,Union,2742,8498,125,11365,Mitt Romney,5756,9235,2012,249,11496,Donald Trump,7223,1.15
Mississippi,Walthall,3422,4051,78,7551,Mitt Romney,629,4056,2790,73,6919,Donald Trump,1266,-8.37
Mississippi,Warren,10786,10457,148,21391,Barack Obama,329,9767,9284,365,19416,Donald Trump,483,-9.23
Mississippi,Washington,13981,5651,83,19715,Barack Obama,8330,5244,11380,201,16825,Hillary Clinton,6136,-14.66
Mississippi,Wayne,4148,6111,73,10332,Mitt Romney,1963,5990,3524,85,9599,Donald Trump,2466,-7.09
Mississippi,Webster,1190,3992,52,5234,Mitt Romney,2802,3976,1019,74,5069,Donald Trump,2957,-3.15
Mississippi,Wilkinson,3412,1415,26,4853,Barack Obama,1997,1318,2857,43,4218,Hillary Clinton,1539,-13.08
Mississippi,Winston,4607,5168,54,9829,Mitt Romney,561,4910,3850,121,8881,Donald Trump,1060,-9.64
Mississippi,Yalobusha,3030,3276,48,6354,Mitt Romney,246,3376,2582,119,6077,Donald Trump,794,-4.36
Mississippi,Yazoo,6603,4941,76,11620,Barack Obama,1662,4598,5369,103,10070,Hillary Clinton,771,-13.34
Missouri,Adair,4219,5651,256,10126,Mitt Romney,1432,6030,3500,696,10226,Donald Trump,2530,0.99
Missouri,Andrew,2649,5457,200,8306,Mitt Romney,2808,6665,2045,430,9140,Donald Trump,4620,10.04
Missouri,Atchison,756,1902,51,2709,Mitt Romney,1146,2060,541,123,2724,Donald Trump,1519,0.55
Missouri,Audrain,3539,6186,227,9952,Mitt Romney,2647,6981,2570,510,10061,Donald Trump,4411,1.1
Missouri,Barry,3667,9832,307,13806,Mitt Romney,6165,11428,2710,467,14605,Donald Trump,8718,5.79
Missouri,Barton,1230,4418,98,5746,Mitt Romney,3188,4959,795,185,5939,Donald Trump,4164,3.36
Missouri,Bates,2557,5020,194,7771,Mitt Romney,2463,6001,1618,404,8023,Donald Trump,4383,3.24
Missouri,Benton,2925,6069,163,9157,Mitt Romney,3144,7213,2025,74,9312,Donald Trump,5188,1.69
Missouri,Bollinger,1213,4095,148,5456,Mitt Romney,2882,4827,705,144,5676,Donald Trump,4122,4.03
Missouri,Boone,39847,37404,2171,79422,Barack Obama,2443,36200,41125,6543,83868,Hillary Clinton,4925,5.6
Missouri,Buchanan,15594,18660,852,35106,Mitt Romney,3066,21320,12013,2326,35659,Donald Trump,9307,1.58
Missouri,Butler,4363,12248,278,16889,Mitt Romney,7885,13650,3036,573,17259,Donald Trump,10614,2.19
Missouri,Caldwell,1312,2721,134,4167,Mitt Romney,1409,3232,838,242,4312,Donald Trump,2394,3.48
Missouri,Callaway,6071,11745,416,18232,Mitt Romney,5674,13057,4989,1147,19193,Donald Trump,8068,5.27
Missouri,Camden,6458,15092,395,21945,Mitt Romney,8634,16944,4768,802,22514,Donald Trump,12176,2.59
Missouri,Cape Girardeau,9728,25370,618,35716,Mitt Romney,15642,27017,8492,1529,37038,Donald Trump,18525,3.7
Missouri,Carroll,1154,3072,78,4304,Mitt Romney,1918,3480,745,136,4361,Donald Trump,2735,1.32
Missouri,Carter,754,1978,67,2799,Mitt Romney,1224,2324,436,84,2844,Donald Trump,1888,1.61
Missouri,Cass,17044,30912,957,48913,Mitt Romney,13868,33098,14846,3046,50990,Donald Trump,18252,4.25
Missouri,Cedar,1537,4376,132,6045,Mitt Romney,2839,5021,1011,256,6288,Donald Trump,4010,4.02
Missouri,Chariton,1339,2402,80,3821,Mitt Romney,1063,2950,888,131,3969,Donald Trump,2062,3.87
Missouri,Christian,9813,27473,678,37964,Mitt Romney,17660,30946,8508,2077,41531,Donald Trump,22438,9.4
Missouri,Clark,1398,1730,97,3225,Mitt Romney,332,2458,724,33,3215,Donald Trump,1734,-0.31
Missouri,Clay,47310,56191,2088,105589,Mitt Romney,8881,57476,45304,7396,110176,Donald Trump,12172,4.34
Missouri,Clinton,3688,5931,242,9861,Mitt Romney,2243,7067,2572,569,10208,Donald Trump,4495,3.52
Missouri,Cole,12005,24490,567,37062,Mitt Romney,12485,24616,10913,1845,37374,Donald Trump,13703,0.84
Missouri,Cooper,2474,4887,150,7511,Mitt Romney,2413,5624,1932,430,7986,Donald Trump,3692,6.32
Missouri,Crawford,2951,6434,194,9579,Mitt Romney,3483,7724,1824,148,9696,Donald Trump,5900,1.22
Missouri,Dade,939,2895,62,3896,Mitt Romney,1956,3184,637,130,3951,Donald Trump,2547,1.41
Missouri,Dallas,2122,4992,165,7279,Mitt Romney,2870,5895,1272,286,7453,Donald Trump,4623,2.39
Missouri,Daviess,1125,2290,106,3521,Mitt Romney,1165,2767,730,96,3593,Donald Trump,2037,2.04
Missouri,DeKalb,1194,3056,100,4350,Mitt Romney,1862,3540,824,230,4594,Donald Trump,2716,5.61
Missouri,Dent,1585,4883,175,6643,Mitt Romney,3298,5600,978,213,6791,Donald Trump,4622,2.23
Missouri,Douglas,1710,4649,198,6557,Mitt Romney,2939,5486,984,196,6666,Donald Trump,4502,1.66
Missouri,Dunklin,3636,6850,165,10651,Mitt Romney,3214,8026,2360,192,10578,Donald Trump,5666,-0.69
Missouri,Franklin,16347,29396,1012,46755,Mitt Romney,13049,35430,12341,2342,50113,Donald Trump,23089,7.18
Missouri,Gasconade,2099,4895,140,7134,Mitt Romney,2796,5670,1520,255,7445,Donald Trump,4150,4.36
Missouri,Gentry,937,1988,74,2999,Mitt Romney,1051,2304,605,134,3043,Donald Trump,1699,1.47
Missouri,Greene,46219,76900,2729,125848,Mitt Romney,30681,78035,42728,8468,129231,Donald Trump,35307,2.69
Missouri,Grundy,1212,3030,132,4374,Mitt Romney,1818,3462,780,68,4310,Donald Trump,2682,-1.46
Missouri,Harrison,984,2624,87,3695,Mitt Romney,1640,2965,574,150,3689,Donald Trump,2391,-0.16
Missouri,Henry,3606,6229,288,10123,Mitt Romney,2623,7075,2357,434,9866,Donald Trump,4718,-2.54
Missouri,Hickory,1733,2835,112,4680,Mitt Romney,1102,3542,1016,166,4724,Donald Trump,2526,0.94
Missouri,Holt,551,1725,34,2310,Mitt Romney,1174,1926,347,82,2355,Donald Trump,1579,1.95
Missouri,Howard,1723,3017,127,4867,Mitt Romney,1294,3277,1283,308,4868,Donald Trump,1994,0.02
Missouri,Howell,4395,11544,407,16346,Mitt Romney,7149,13893,2881,681,17455,Donald Trump,11012,6.78
Missouri,Iron,1669,2252,110,4031,Mitt Romney,583,3173,933,163,4269,Donald Trump,2240,5.9
Missouri,Jackson,78283,93199,3282,174764,Mitt Romney,14916,91557,71237,10481,173275,Donald Trump,20320,-0.85
Missouri,Jasper,12809,31349,1060,45218,Mitt Romney,18540,35070,10572,2684,48326,Donald Trump,24498,6.87
Missouri,Jefferson,41564,53978,2069,97611,Mitt Romney,12414,69036,31568,5634,106238,Donald Trump,37468,8.84
Missouri,Johnson,7667,12763,591,21021,Mitt Romney,5096,13719,5930,1483,21132,Donald Trump,7789,0.53
Missouri,Kansas City,105670,29509,1623,136802,Barack Obama,76161,24654,97735,6212,128601,Hillary Clinton,73081,-5.99
Missouri,Knox,698,1205,54,1957,Mitt Romney,507,1416,379,75,1870,Donald Trump,1037,-4.45
Missouri,Laclede,4093,10934,335,15362,Mitt Romney,6841,12881,2553,617,16051,Donald Trump,10328,4.49
Missouri,Lafayette,5655,9803,337,15795,Mitt Romney,4148,10988,4053,835,15876,Donald Trump,6935,0.51
Missouri,Lawrence,4017,11421,317,15755,Mitt Romney,7404,13089,2901,725,16715,Donald Trump,10188,6.09
Missouri,Lewis,1508,2677,94,4279,Mitt Romney,1169,3344,934,178,4456,Donald Trump,2410,4.14
Missouri,Lincoln,7734,14332,586,22652,Mitt Romney,6598,18159,5575,1228,24962,Donald Trump,12584,10.2
Missouri,Linn,2041,3344,165,5550,Mitt Romney,1303,4088,1240,259,5587,Donald Trump,2848,0.67
Missouri,Livingston,1906,4006,142,6054,Mitt Romney,2100,4879,1265,277,6421,Donald Trump,3614,6.06
Missouri,Macon,2309,4701,150,7160,Mitt Romney,2392,5798,1548,275,7621,Donald Trump,4250,6.44
Missouri,Madison,1588,3227,115,4930,Mitt Romney,1639,4102,1005,214,5321,Donald Trump,3097,7.93
Missouri,Maries,1299,3165,74,4538,Mitt Romney,1866,3561,794,145,4500,Donald Trump,2767,-0.84
Missouri,Marion,4031,7923,204,12158,Mitt Romney,3892,9419,2994,525,12938,Donald Trump,6425,6.42
Missouri,McDonald,1920,5694,203,7817,Mitt Romney,3774,6599,1329,314,8242,Donald Trump,5270,5.44
Missouri,Mercer,353,1255,47,1655,Mitt Romney,902,1486,216,43,1745,Donald Trump,1270,5.44
Missouri,Miller,2651,8099,269,11019,Mitt Romney,5448,9285,1750,381,11416,Donald Trump,7535,3.6
Missouri,Mississippi,1858,2997,65,4920,Mitt Romney,1139,3600,1458,111,5169,Donald Trump,2142,5.06
Missouri,Moniteau,1608,4704,131,6443,Mitt Romney,3096,5347,1237,246,6830,Donald Trump,4110,6.01
Missouri,Monroe,1398,2564,95,4057,Mitt Romney,1166,3159,853,144,4156,Donald Trump,2306,2.44
Missouri,Montgomery,1740,3490,97,5327,Mitt Romney,1750,4127,1119,183,5429,Donald Trump,3008,1.91
Missouri,Morgan,2773,5733,182,8688,Mitt Romney,2960,6760,1768,293,8821,Donald Trump,4992,1.53
Missouri,New Madrid,2814,4284,152,7250,Mitt Romney,1470,5270,1933,154,7357,Donald Trump,3337,1.48
Missouri,Newton,6425,18181,477,25083,Mitt Romney,11756,20553,4990,1063,26606,Donald Trump,15563,6.07
Missouri,Nodaway,3172,5593,211,8976,Mitt Romney,2421,6380,2529,549,9458,Donald Trump,3851,5.37
Missouri,Oregon,1419,2886,116,4421,Mitt Romney,1467,3671,865,132,4668,Donald Trump,2806,5.59
Missouri,Osage,1473,5329,117,6919,Mitt Romney,3856,5856,998,236,7090,Donald Trump,4858,2.47
Missouri,Ozark,1261,3080,112,4453,Mitt Romney,1819,3639,724,142,4505,Donald Trump,2915,1.17
Missouri,Pemiscot,2671,3598,66,6335,Mitt Romney,927,3964,1947,116,6027,Donald Trump,2017,-4.86
Missouri,Perry,2184,5669,134,7987,Mitt Romney,3485,6908,1520,312,8740,Donald Trump,5388,9.43
Missouri,Pettis,5904,10842,429,17175,Mitt Romney,4938,12810,4324,977,18111,Donald Trump,8486,5.45
Missouri,Phelps,5798,11895,497,18190,Mitt Romney,6097,12709,4766,1078,18553,Donald Trump,7943,2
Missouri,Pike,2582,4577,162,7321,Mitt Romney,1995,5274,1806,302,7382,Donald Trump,3468,0.83
Missouri,Platte,19175,25618,759,45552,Mitt Romney,6443,25933,20057,2895,48885,Donald Trump,5876,7.32
Missouri,Polk,3580,9252,287,13119,Mitt Romney,5672,10438,2631,694,13763,Donald Trump,7807,4.91
Missouri,Pulaski,4199,9092,280,13571,Mitt Romney,4893,9876,2922,690,13488,Donald Trump,6954,-0.61
Missouri,Putnam,587,1673,49,2309,Mitt Romney,1086,1936,353,57,2346,Donald Trump,1583,1.6
Missouri,Ralls,1736,3231,69,5036,Mitt Romney,1495,3969,1138,159,5266,Donald Trump,2831,4.57
Missouri,Randolph,3031,6667,246,9944,Mitt Romney,3636,7529,2283,497,10309,Donald Trump,5246,3.67
Missouri,Ray,4275,5815,277,10367,Mitt Romney,1540,7104,3090,675,10869,Donald Trump,4014,4.84
Missouri,Reynolds,1157,1931,114,3202,Mitt Romney,774,2406,540,92,3038,Donald Trump,1866,-5.12
Missouri,Ripley,1396,3743,124,5263,Mitt Romney,2347,4522,830,172,5524,Donald Trump,3692,4.96
Missouri,Saline,3790,5104,214,9108,Mitt Romney,1314,5977,2789,508,9274,Donald Trump,3188,1.82
Missouri,Schuyler,697,1174,68,1939,Mitt Romney,477,1505,354,77,1936,Donald Trump,1151,-0.15
Missouri,Scotland,643,1246,47,1936,Mitt Romney,603,1525,365,78,1968,Donald Trump,1160,1.65
Missouri,Scott,5122,11623,254,16999,Mitt Romney,6501,13168,3575,513,17256,Donald Trump,9593,1.51
Missouri,Shannon,1302,2262,128,3692,Mitt Romney,960,2966,776,162,3904,Donald Trump,2190,5.74
Missouri,Shelby,966,2188,78,3232,Mitt Romney,1222,2524,606,125,3255,Donald Trump,1918,0.71
Missouri,St. Charles,71838,110784,3068,185690,Mitt Romney,38946,121650,68626,10729,201005,Donald Trump,53024,8.25
Missouri,St. Clair,1460,3019,147,4626,Mitt Romney,1559,3501,936,193,4630,Donald Trump,2565,0.09
Missouri,St. Francois,8829,13248,505,22582,Mitt Romney,4419,17468,6250,1010,24728,Donald Trump,11218,9.5
Missouri,St. Louis City,118780,22943,1884,143607,Barack Obama,95837,20832,104235,6124,131191,Hillary Clinton,83403,-8.65
Missouri,St. Louis,297097,224742,6837,528676,Barack Obama,72355,202434,286704,25720,514858,Hillary Clinton,84270,-2.61
Missouri,Ste. Genevieve,3813,4055,202,8070,Mitt Romney,242,5496,2542,431,8469,Donald Trump,2954,4.94
Missouri,Stoddard,3153,9496,217,12866,Mitt Romney,6343,11079,1876,336,13291,Donald Trump,9203,3.3
Missouri,Stone,3923,11787,274,15984,Mitt Romney,7864,13158,2887,522,16567,Donald Trump,10271,3.65
Missouri,Sullivan,908,1610,77,2595,Mitt Romney,702,1884,526,76,2486,Donald Trump,1358,-4.2
Missouri,Taney,5479,15746,434,21659,Mitt Romney,10267,18276,4373,866,23515,Donald Trump,13903,8.57
Missouri,Texas,2871,7618,275,10764,Mitt Romney,4747,8875,1728,353,10956,Donald Trump,7147,1.78
Missouri,Vernon,2580,5758,183,8521,Mitt Romney,3178,6533,1707,359,8599,Donald Trump,4826,0.92
Missouri,Warren,5219,9150,307,14676,Mitt Romney,3931,11111,3915,758,15784,Donald Trump,7196,7.55
Missouri,Washington,3417,5071,207,8695,Mitt Romney,1654,7048,1926,308,9282,Donald Trump,5122,6.75
Missouri,Wayne,1813,3790,117,5720,Mitt Romney,1977,4658,948,49,5655,Donald Trump,3710,-1.14
Missouri,Webster,4409,10708,312,15429,Mitt Romney,6299,12840,3177,726,16743,Donald Trump,9663,8.52
Missouri,Worth,341,664,43,1048,Mitt Romney,323,808,195,43,1046,Donald Trump,613,-0.19
Missouri,Wright,1953,5830,172,7955,Mitt Romney,3877,6707,1170,242,8119,Donald Trump,5537,2.06
Montana,Beaverhead,1371,3289,152,4812,Mitt Romney,1918,3353,1143,353,4849,Donald Trump,2210,0.77
Montana,Big Horn,2882,1667,77,4626,Barack Obama,1215,1853,2094,290,4237,Hillary Clinton,241,-8.41
Montana,Blaine,1616,1178,65,2859,Barack Obama,438,1268,1202,214,2684,Donald Trump,66,-6.12
Montana,Broadwater,764,2152,95,3011,Mitt Romney,1388,2348,573,212,3133,Donald Trump,1775,4.05
Montana,Carbon,2146,3533,167,5846,Mitt Romney,1387,3748,1828,415,5991,Donald Trump,1920,2.48
Montana,Carter,96,678,20,794,Mitt Romney,582,678,70,38,786,Donald Trump,608,-1.01
Montana,Cascade,15232,18345,987,34564,Mitt Romney,3113,19632,12175,2764,34571,Donald Trump,7457,0.02
Montana,Chouteau,978,1758,85,2821,Mitt Romney,780,1679,732,192,2603,Donald Trump,947,-7.73
Montana,Custer,1833,3373,159,5365,Mitt Romney,1540,3657,1176,352,5185,Donald Trump,2481,-3.36
Montana,Daniels,237,740,30,1007,Mitt Romney,503,730,168,64,962,Donald Trump,562,-4.47
Montana,Dawson,1219,3029,175,4423,Mitt Romney,1810,3320,787,267,4374,Donald Trump,2533,-1.11
Montana,Deer Lodge,2860,1448,152,4460,Barack Obama,1412,1763,2058,385,4206,Hillary Clinton,295,-5.7
Montana,Fallon,237,1128,40,1405,Mitt Romney,891,1279,154,51,1484,Donald Trump,1125,5.62
Montana,Fergus,1640,4257,174,6071,Mitt Romney,2617,4269,1202,369,5840,Donald Trump,3067,-3.8
Montana,Flathead,13892,28309,1275,43476,Mitt Romney,14417,30240,13293,3038,46571,Donald Trump,16947,7.12
Montana,Gallatin,21961,24358,1563,47882,Mitt Romney,2397,23802,24246,5771,53819,Hillary Clinton,444,12.4
Montana,Garfield,66,622,12,700,Mitt Romney,556,653,34,31,718,Donald Trump,619,2.57
Montana,Glacier,2924,1415,113,4452,Barack Obama,1509,1620,3121,334,5075,Hillary Clinton,1501,13.99
Montana,Golden Valley,110,351,18,479,Mitt Romney,241,365,71,38,474,Donald Trump,294,-1.04
Montana,Granite,533,1107,65,1705,Mitt Romney,574,1192,472,113,1777,Donald Trump,720,4.22
Montana,Hill,3403,3164,253,6820,Barack Obama,239,3478,2371,596,6445,Donald Trump,1107,-5.5
Montana,Jefferson,2272,4055,193,6520,Mitt Romney,1783,4177,1998,539,6714,Donald Trump,2179,2.98
Montana,Judith Basin,337,854,24,1215,Mitt Romney,517,872,235,101,1208,Donald Trump,637,-0.58
Montana,Lake,5805,7135,364,13304,Mitt Romney,1330,7530,4776,875,13181,Donald Trump,2754,-0.92
Montana,Lewis and Clark,15620,16803,895,33318,Mitt Romney,1183,16895,14478,3105,34478,Donald Trump,2417,3.48
Montana,Liberty,257,702,29,988,Mitt Romney,445,698,206,57,961,Donald Trump,492,-2.73
Montana,Lincoln,2552,6057,280,8889,Mitt Romney,3505,6729,2041,560,9330,Donald Trump,4688,4.96
Montana,Madison,1289,3130,111,4530,Mitt Romney,1841,3297,1180,301,4778,Donald Trump,2117,5.47
Montana,McCone,223,745,25,993,Mitt Romney,522,862,154,44,1060,Donald Trump,708,6.75
Montana,Meagher,269,670,33,972,Mitt Romney,401,729,193,55,977,Donald Trump,536,0.51
Montana,Mineral,700,1216,101,2017,Mitt Romney,516,1330,519,163,2012,Donald Trump,811,-0.25
Montana,Missoula,32824,22652,1716,57192,Barack Obama,10172,22250,31543,5410,59203,Hillary Clinton,9293,3.52
Montana,Musselshell,492,1833,82,2407,Mitt Romney,1341,1967,332,142,2441,Donald Trump,1635,1.41
Montana,Park,3783,4709,276,8768,Mitt Romney,926,4980,3595,784,9359,Donald Trump,1385,6.74
Montana,Petroleum,49,240,9,298,Mitt Romney,191,278,30,14,322,Donald Trump,248,8.05
Montana,Phillips,471,1688,69,2228,Mitt Romney,1217,1723,318,130,2171,Donald Trump,1405,-2.56
Montana,Pondera,975,1673,71,2719,Mitt Romney,698,1799,738,186,2723,Donald Trump,1061,0.15
Montana,Powder River,170,833,24,1027,Mitt Romney,663,884,127,42,1053,Donald Trump,757,2.53
Montana,Powell,888,1806,82,2776,Mitt Romney,918,2029,551,214,2794,Donald Trump,1478,0.65
Montana,Prairie,167,520,16,703,Mitt Romney,353,556,100,33,689,Donald Trump,456,-1.99
Montana,Ravalli,7285,14307,614,22206,Mitt Romney,7022,14810,6223,1523,22556,Donald Trump,8587,1.58
Montana,Richland,1002,3510,133,4645,Mitt Romney,2508,3908,671,292,4871,Donald Trump,3237,4.87
Montana,Roosevelt,2086,1514,72,3672,Barack Obama,572,1797,1560,295,3652,Donald Trump,237,-0.54
Montana,Rosebud,1422,2004,97,3523,Mitt Romney,582,2253,987,213,3453,Donald Trump,1266,-1.99
Montana,Sanders,1720,3980,201,5901,Mitt Romney,2260,4286,1218,449,5953,Donald Trump,3068,0.88
Montana,Sheridan,665,1207,56,1928,Mitt Romney,542,1241,477,117,1835,Donald Trump,764,-4.82
Montana,Silver Bow,10857,5430,469,16756,Barack Obama,5427,6376,8619,1457,16452,Hillary Clinton,2243,-1.81
Montana,Stillwater,1248,3337,117,4702,Mitt Romney,2089,3661,908,304,4873,Donald Trump,2753,3.64
Montana,Sweet Grass,475,1594,48,2117,Mitt Romney,1119,1595,402,110,2107,Donald Trump,1193,-0.47
Montana,Teton,1082,2113,86,3281,Mitt Romney,1031,2170,808,210,3188,Donald Trump,1362,-2.83
Montana,Toole,582,1440,80,2102,Mitt Romney,858,1497,402,138,2037,Donald Trump,1095,-3.09
Montana,Treasure,114,319,22,455,Mitt Romney,205,351,59,33,443,Donald Trump,292,-2.64
Montana,Valley,1385,2337,137,3859,Mitt Romney,952,2698,886,310,3894,Donald Trump,1812,0.91
Montana,Wheatland,272,693,27,992,Mitt Romney,421,702,179,65,946,Donald Trump,523,-4.64
Montana,Wibaux,98,421,25,544,Mitt Romney,323,463,55,23,541,Donald Trump,408,-0.55
Montana,Yellowstone,26403,40500,1904,68807,Mitt Romney,14097,40920,22171,6017,69108,Donald Trump,18749,0.44
Nebraska,Adams,4062,8316,292,12670,Mitt Romney,4254,9287,3302,924,13513,Donald Trump,5985,6.65
Nebraska,Antelope,571,2596,65,3232,Mitt Romney,2025,2732,383,166,3281,Donald Trump,2349,1.52
Nebraska,Arthur,30,227,5,262,Mitt Romney,197,244,17,12,273,Donald Trump,227,4.2
Nebraska,Banner,55,346,10,411,Mitt Romney,291,357,19,26,402,Donald Trump,338,-2.19
Nebraska,Blaine,29,268,6,303,Mitt Romney,239,276,30,11,317,Donald Trump,246,4.62
Nebraska,Boone,615,2138,53,2806,Mitt Romney,1523,2299,414,192,2905,Donald Trump,1885,3.53
Nebraska,Box Butte,1692,2869,144,4705,Mitt Romney,1177,3617,965,342,4924,Donald Trump,2652,4.65
Nebraska,Boyd,188,873,10,1071,Mitt Romney,685,983,128,45,1156,Donald Trump,855,7.94
Nebraska,Brown,224,1302,29,1555,Mitt Romney,1078,1385,153,59,1597,Donald Trump,1232,2.7
Nebraska,Buffalo,5365,13570,518,19453,Mitt Romney,8205,14569,4763,1797,21129,Donald Trump,9806,8.62
Nebraska,Burt,1291,2029,55,3375,Mitt Romney,738,2367,930,261,3558,Donald Trump,1437,5.42
Nebraska,Butler,1045,2738,76,3859,Mitt Romney,1693,3079,691,211,3981,Donald Trump,2388,3.16
Nebraska,Cass,4367,7556,257,12180,Mitt Romney,3189,8452,3484,997,12933,Donald Trump,4968,6.18
Nebraska,Cedar,958,3278,98,4334,Mitt Romney,2320,3532,571,317,4420,Donald Trump,2961,1.98
Nebraska,Chase,254,1584,29,1867,Mitt Romney,1330,1648,171,79,1898,Donald Trump,1477,1.66
Nebraska,Cherry,436,2557,71,3064,Mitt Romney,2121,2623,317,178,3118,Donald Trump,2306,1.76
Nebraska,Cheyenne,1084,3449,116,4649,Mitt Romney,2365,3665,711,335,4711,Donald Trump,2954,1.33
Nebraska,Clay,667,2232,48,2947,Mitt Romney,1565,2422,477,166,3065,Donald Trump,1945,4
Nebraska,Colfax,969,2051,49,3069,Mitt Romney,1082,2171,859,184,3214,Donald Trump,1312,4.72
Nebraska,Cuming,1031,2876,69,3976,Mitt Romney,1845,3122,719,233,4074,Donald Trump,2403,2.46
Nebraska,Custer,1083,4296,119,5498,Mitt Romney,3213,4695,641,316,5652,Donald Trump,4054,2.8
Nebraska,Dakota,2922,3094,120,6136,Mitt Romney,172,3616,2314,349,6279,Donald Trump,1302,2.33
Nebraska,Dawes,1132,2478,118,3728,Mitt Romney,1346,2632,801,243,3676,Donald Trump,1831,-1.39
Nebraska,Dawson,2199,5460,200,7859,Mitt Romney,3261,5984,2136,515,8635,Donald Trump,3848,9.87
Nebraska,Deuel,215,763,39,1017,Mitt Romney,548,809,120,55,984,Donald Trump,689,-3.24
Nebraska,Dixon,870,1745,71,2686,Mitt Romney,875,2041,556,185,2782,Donald Trump,1485,3.57
Nebraska,Dodge,5673,8995,282,14950,Mitt Romney,3322,9933,4544,1052,15529,Donald Trump,5389,3.87
Nebraska,Douglas,106456,113220,4251,223927,Mitt Romney,6764,108077,113798,18558,240433,Hillary Clinton,5721,7.37
Nebraska,Dundy,176,792,17,985,Mitt Romney,616,823,89,41,953,Donald Trump,734,-3.25
Nebraska,Fillmore,807,2007,65,2879,Mitt Romney,1200,2130,613,198,2941,Donald Trump,1517,2.15
Nebraska,Franklin,384,1112,40,1536,Mitt Romney,728,1347,250,76,1673,Donald Trump,1097,8.92
Nebraska,Frontier,271,1007,27,1305,Mitt Romney,736,1110,161,57,1328,Donald Trump,949,1.76
Nebraska,Furnas,423,1782,35,2240,Mitt Romney,1359,1921,304,115,2340,Donald Trump,1617,4.46
Nebraska,Gage,3903,5513,245,9661,Mitt Romney,1610,6380,2935,733,10048,Donald Trump,3445,4.01
Nebraska,Garden,242,829,20,1091,Mitt Romney,587,869,153,53,1075,Donald Trump,716,-1.47
Nebraska,Garfield,149,769,22,940,Mitt Romney,620,821,121,38,980,Donald Trump,700,4.26
Nebraska,Gosper,230,734,14,978,Mitt Romney,504,794,166,50,1010,Donald Trump,628,3.27
Nebraska,Grant,30,322,11,363,Mitt Romney,292,367,20,18,405,Donald Trump,347,11.57
Nebraska,Greeley,340,820,25,1185,Mitt Romney,480,912,210,53,1175,Donald Trump,702,-0.84
Nebraska,Hall,7161,12646,422,20229,Mitt Romney,5485,14408,6282,1370,22060,Donald Trump,8126,9.05
Nebraska,Hamilton,1146,3600,125,4871,Mitt Romney,2454,3783,878,343,5004,Donald Trump,2905,2.73
Nebraska,Harlan,354,1395,29,1778,Mitt Romney,1041,1496,254,82,1832,Donald Trump,1242,3.04
Nebraska,Hayes,51,476,12,539,Mitt Romney,425,472,30,12,514,Donald Trump,442,-4.64
Nebraska,Hitchcock,274,1178,43,1495,Mitt Romney,904,1232,161,75,1468,Donald Trump,1071,-1.81
Nebraska,Holt,882,3922,135,4939,Mitt Romney,3040,4354,531,233,5118,Donald Trump,3823,3.62
Nebraska,Hooker,59,330,6,395,Mitt Romney,271,355,40,22,417,Donald Trump,315,5.57
Nebraska,Howard,914,1890,66,2870,Mitt Romney,976,2284,544,166,2994,Donald Trump,1740,4.32
Nebraska,Jefferson,1195,2166,85,3446,Mitt Romney,971,2399,837,258,3494,Donald Trump,1562,1.39
Nebraska,Johnson,790,1225,48,2063,Mitt Romney,435,1355,563,171,2089,Donald Trump,792,1.26
Nebraska,Kearney,773,2349,58,3180,Mitt Romney,1576,2531,550,215,3296,Donald Trump,1981,3.65
Nebraska,Keith,928,3044,86,4058,Mitt Romney,2116,3235,571,228,4034,Donald Trump,2664,-0.59
Nebraska,Keya Paha,80,393,11,484,Mitt Romney,313,460,40,19,519,Donald Trump,420,7.23
Nebraska,Kimball,395,1235,57,1687,Mitt Romney,840,1330,230,117,1677,Donald Trump,1100,-0.59
Nebraska,Knox,1059,2885,92,4036,Mitt Romney,1826,3188,720,207,4115,Donald Trump,2468,1.96
Nebraska,Lancaster,62015,62434,2906,127355,Mitt Romney,419,61588,61898,12737,136223,Hillary Clinton,310,6.96
Nebraska,Lincoln,4450,10728,477,15655,Mitt Romney,6278,12164,2913,1054,16131,Donald Trump,9251,3.04
Nebraska,Logan,68,356,7,431,Mitt Romney,288,400,32,21,453,Donald Trump,368,5.1
Nebraska,Loup,62,290,6,358,Mitt Romney,228,323,48,14,385,Donald Trump,275,7.54
Nebraska,Madison,3485,10062,338,13885,Mitt Romney,6577,10628,2711,1004,14343,Donald Trump,7917,3.3
Nebraska,McPherson,41,237,13,291,Mitt Romney,196,257,14,16,287,Donald Trump,243,-1.37
Nebraska,Merrick,925,2490,74,3489,Mitt Romney,1565,2926,602,260,3788,Donald Trump,2324,8.57
Nebraska,Morrill,455,1681,54,2190,Mitt Romney,1226,1802,284,123,2209,Donald Trump,1518,0.87
Nebraska,Nance,481,1106,34,1621,Mitt Romney,625,1261,281,79,1621,Donald Trump,980,0
Nebraska,Nemaha,1128,2012,74,3214,Mitt Romney,884,2116,785,260,3161,Donald Trump,1331,-1.65
Nebraska,Nuckolls,568,1574,49,2191,Mitt Romney,1006,1726,353,126,2205,Donald Trump,1373,0.64
Nebraska,Otoe,2561,4258,163,6982,Mitt Romney,1697,4860,2025,572,7457,Donald Trump,2835,6.8
Nebraska,Pawnee,400,899,42,1341,Mitt Romney,499,974,279,74,1327,Donald Trump,695,-1.04
Nebraska,Perkins,238,1135,21,1394,Mitt Romney,897,1217,161,77,1455,Donald Trump,1056,4.38
Nebraska,Phelps,880,3400,100,4380,Mitt Romney,2520,3849,572,274,4695,Donald Trump,3277,7.19
Nebraska,Pierce,637,2707,87,3431,Mitt Romney,2070,3052,382,196,3630,Donald Trump,2670,5.8
Nebraska,Platte,3148,10061,264,13473,Mitt Romney,6913,10965,2646,822,14433,Donald Trump,8319,7.13
Nebraska,Polk,528,1890,39,2457,Mitt Romney,1362,2028,413,141,2582,Donald Trump,1615,5.09
Nebraska,Red Willow,952,3891,93,4936,Mitt Romney,2939,4258,645,267,5170,Donald Trump,3613,4.74
Nebraska,Richardson,1191,2443,105,3739,Mitt Romney,1252,2769,818,218,3805,Donald Trump,1951,1.77
Nebraska,Rock,103,672,14,789,Mitt Romney,569,687,70,41,798,Donald Trump,617,1.14
Nebraska,Saline,2289,2557,112,4958,Mitt Romney,268,3004,1733,399,5136,Donald Trump,1271,3.59
Nebraska,Sarpy,26671,43213,1606,71490,Mitt Romney,16542,45143,28033,7404,80580,Donald Trump,17110,12.72
Nebraska,Saunders,3307,6770,235,10312,Mitt Romney,3463,7555,2523,782,10860,Donald Trump,5032,5.31
Nebraska,Scotts Bluff,4327,9648,312,14287,Mitt Romney,5321,10076,3207,1034,14317,Donald Trump,6869,0.21
Nebraska,Seward,2386,5003,184,7573,Mitt Romney,2617,5454,1875,593,7922,Donald Trump,3579,4.61
Nebraska,Sheridan,390,2021,61,2472,Mitt Romney,1631,2211,287,110,2608,Donald Trump,1924,5.5
Nebraska,Sherman,552,927,51,1530,Mitt Romney,375,1150,340,83,1573,Donald Trump,810,2.81
Nebraska,Sioux,101,624,14,739,Mitt Romney,523,616,81,39,736,Donald Trump,535,-0.41
Nebraska,Stanton,614,1949,81,2644,Mitt Romney,1335,2187,417,197,2801,Donald Trump,1770,5.94
Nebraska,Thayer,728,1874,57,2659,Mitt Romney,1146,2051,499,140,2690,Donald Trump,1552,1.17
Nebraska,Thomas,42,360,6,408,Mitt Romney,318,344,30,19,393,Donald Trump,314,-3.68
Nebraska,Thurston,1247,939,29,2215,Barack Obama,308,1043,919,126,2088,Donald Trump,124,-5.73
Nebraska,Valley,498,1657,40,2195,Mitt Romney,1159,1780,339,86,2205,Donald Trump,1441,0.46
Nebraska,Washington,3132,6899,215,10246,Mitt Romney,3767,7424,2623,785,10832,Donald Trump,4801,5.72
Nebraska,Wayne,1074,2493,115,3682,Mitt Romney,1419,2693,835,248,3776,Donald Trump,1858,2.55
Nebraska,Webster,442,1258,42,1742,Mitt Romney,816,1330,306,72,1708,Donald Trump,1024,-1.95
Nebraska,Wheeler,93,345,10,448,Mitt Romney,252,377,62,26,465,Donald Trump,315,3.79
Nebraska,York,1373,4874,108,6355,Mitt Romney,3501,4700,1186,495,6381,Donald Trump,3514,0.41
Nevada,Carson City,10291,12394,634,23319,Mitt Romney,2103,13125,9610,2281,25016,Donald Trump,3515,7.28
Nevada,Churchill,2961,7061,243,10265,Mitt Romney,4100,7830,2210,898,10938,Donald Trump,5620,6.56
Nevada,Clark,389936,289053,12201,691190,Barack Obama,100883,320057,402227,44872,767156,Hillary Clinton,82170,10.99
Nevada,Douglas,9297,16276,502,26075,Mitt Romney,6979,17415,8454,2016,27885,Donald Trump,8961,6.94
Nevada,Elko,3511,12014,461,15986,Mitt Romney,8503,13551,3401,1607,18559,Donald Trump,10150,16.1
Nevada,Esmeralda,92,317,26,435,Mitt Romney,225,329,65,29,423,Donald Trump,264,-2.76
Nevada,Eureka,107,663,38,808,Mitt Romney,556,723,74,57,854,Donald Trump,649,5.69
Nevada,Humboldt,1737,3810,197,5744,Mitt Romney,2073,4521,1386,526,6433,Donald Trump,3135,12
Nevada,Lander,534,1580,51,2165,Mitt Romney,1046,1828,403,182,2413,Donald Trump,1425,11.45
Nevada,Lincoln,400,1691,61,2152,Mitt Romney,1291,1671,285,176,2132,Donald Trump,1386,-0.93
Nevada,Lyon,7380,13520,565,21465,Mitt Romney,6140,16005,6146,1611,23762,Donald Trump,9859,10.7
Nevada,Mineral,863,1080,92,2035,Mitt Romney,217,1179,637,181,1997,Donald Trump,542,-1.87
Nevada,Nye,6320,10566,636,17522,Mitt Romney,4246,13324,5094,1177,19595,Donald Trump,8230,11.83
Nevada,Pershing,632,1167,85,1884,Mitt Romney,535,1403,430,149,1982,Donald Trump,973,5.2
Nevada,Storey,920,1321,73,2314,Mitt Romney,401,1616,752,190,2558,Donald Trump,864,10.54
Nevada,Washoe,95409,88453,3993,187855,Barack Obama,6956,94758,97379,17772,209909,Hillary Clinton,2621,11.74
Nevada,White Pine,983,2601,120,3704,Mitt Romney,1618,2723,707,343,3773,Donald Trump,2016,1.86
New Hampshire,Belknap,15890,17571,425,33886,Mitt Romney,1681,19315,13517,2213,35045,Donald Trump,5798,3.42
New Hampshire,Carroll,13977,14207,408,28592,Mitt Romney,230,14635,12987,1994,29616,Donald Trump,1648,3.58
New Hampshire,Cheshire,25380,15156,827,41363,Barack Obama,10224,16876,22064,2955,41895,Hillary Clinton,5188,1.29
New Hampshire,Coos,9095,6342,265,15702,Barack Obama,2753,7952,6563,1112,15627,Donald Trump,1389,-0.48
New Hampshire,Grafton,29826,18208,971,49005,Barack Obama,11618,19010,28510,3671,51191,Hillary Clinton,9500,4.46
New Hampshire,Hillsborough,102303,99991,3378,205672,Barack Obama,2312,100013,99589,14555,214157,Donald Trump,424,4.13
New Hampshire,Merrimack,44756,34524,1218,80498,Barack Obama,10232,37674,40198,5776,83648,Hillary Clinton,2524,3.91
New Hampshire,Rockingham,80142,87921,2356,170419,Mitt Romney,7779,90447,79994,10993,181434,Donald Trump,10453,6.46
New Hampshire,Strafford,36026,26729,1205,63960,Barack Obama,9297,29072,34894,5034,69000,Hillary Clinton,5822,7.88
New Hampshire,Sullivan,12166,9269,399,21834,Barack Obama,2897,10796,10210,1677,22683,Donald Trump,586,3.89
New Jersey,Atlantic,65600,46522,1057,113179,Barack Obama,19078,52690,60924,3677,117291,Hillary Clinton,8234,3.63
New Jersey,Bergen,212754,169070,3583,385407,Barack Obama,43684,175529,231211,12556,419296,Hillary Clinton,55682,8.79
New Jersey,Burlington,126377,87401,2158,215936,Barack Obama,38976,89272,121725,7946,218943,Hillary Clinton,32453,1.39
New Jersey,Camden,153682,69476,2270,225428,Barack Obama,84206,72631,146717,7244,226592,Hillary Clinton,74086,0.52
New Jersey,Cape May,21657,25781,493,47931,Mitt Romney,4124,28446,18750,1526,48722,Donald Trump,9696,1.65
New Jersey,Cumberland,34055,20658,579,55292,Barack Obama,13397,24453,27771,1780,54004,Hillary Clinton,3318,-2.33
New Jersey,Essex,236618,64406,1995,303019,Barack Obama,172212,63176,240837,6921,310934,Hillary Clinton,177661,2.61
New Jersey,Gloucester,74013,59456,1717,135186,Barack Obama,14557,67544,66870,5128,139542,Donald Trump,674,3.22
New Jersey,Hudson,153108,42369,2027,197504,Barack Obama,110739,49043,163917,6415,219375,Hillary Clinton,114874,11.07
New Jersey,Hunterdon,26876,38687,931,66494,Mitt Romney,11811,38712,28898,3226,70836,Donald Trump,9814,6.53
New Jersey,Mercer,104377,47355,1779,153511,Barack Obama,57022,46193,104775,5561,156529,Hillary Clinton,58582,1.97
New Jersey,Middlesex,190555,107310,3450,301315,Barack Obama,83245,122953,193044,10105,326102,Hillary Clinton,70091,8.23
New Jersey,Monmouth,133145,147513,3320,283978,Mitt Romney,14368,166723,137181,10473,314377,Donald Trump,29542,10.7
New Jersey,Morris,100146,124947,2299,227392,Mitt Romney,24801,126071,115249,9096,250416,Donald Trump,10822,10.13
New Jersey,Ocean,102300,146474,2501,251275,Mitt Romney,44174,179079,87150,8133,274362,Donald Trump,91929,9.19
New Jersey,Passaic,115926,64523,1539,181988,Barack Obama,51403,72902,116759,5141,194802,Hillary Clinton,43857,7.04
New Jersey,Salem,14719,14334,448,29501,Barack Obama,385,16381,11904,1209,29494,Donald Trump,4477,-0.02
New Jersey,Somerset,74592,66603,1727,142922,Barack Obama,7989,65505,85689,5898,157092,Hillary Clinton,20184,9.91
New Jersey,Sussex,26104,40625,1204,67933,Mitt Romney,14521,46658,24212,3256,74126,Donald Trump,22446,9.12
New Jersey,Union,139752,68314,1765,209831,Barack Obama,71438,68114,147414,6447,221975,Hillary Clinton,79300,5.79
New Jersey,Warren,18745,25744,781,45270,Mitt Romney,6999,29858,17281,2097,49236,Donald Trump,12577,8.76
New Mexico,Bernalillo,150739,106408,13822,270969,Barack Obama,44331,94698,143417,36547,274662,Hillary Clinton,48719,1.36
New Mexico,Catron,560,1494,69,2123,Mitt Romney,934,1464,427,158,2049,Donald Trump,1037,-3.49
New Mexico,Chaves,6604,13088,600,20292,Mitt Romney,6484,12872,5534,1865,20271,Donald Trump,7338,-0.1
New Mexico,Cibola,4961,2998,284,8243,Barack Obama,1963,3195,3741,1127,8063,Hillary Clinton,546,-2.18
New Mexico,Colfax,2828,2699,237,5764,Barack Obama,129,2585,2129,618,5332,Donald Trump,456,-7.49
New Mexico,Curry,4022,9251,352,13625,Mitt Romney,5229,9035,3121,1214,13370,Donald Trump,5914,-1.87
New Mexico,De Baca,287,586,29,902,Mitt Romney,299,620,193,97,910,Donald Trump,427,0.89
New Mexico,Dona Ana,37139,27322,1962,66423,Barack Obama,9817,25374,37947,7327,70648,Hillary Clinton,12573,6.36
New Mexico,Eddy,6142,12583,544,19269,Mitt Romney,6441,13147,5033,1487,19667,Donald Trump,8114,2.07
New Mexico,Grant,7090,5358,454,12902,Barack Obama,1732,5288,6276,1247,12811,Hillary Clinton,988,-0.71
New Mexico,Guadalupe,1488,557,90,2135,Barack Obama,931,595,970,262,1827,Hillary Clinton,375,-14.43
New Mexico,Harding,260,327,14,601,Mitt Romney,67,311,156,60,527,Donald Trump,155,-12.31
New Mexico,Hidalgo,995,899,41,1935,Barack Obama,96,910,784,178,1872,Donald Trump,126,-3.26
New Mexico,Lea,4080,12548,387,17015,Mitt Romney,8468,12495,3930,1287,17712,Donald Trump,8565,4.1
New Mexico,Lincoln,2942,5961,339,9242,Mitt Romney,3019,5896,2331,675,8902,Donald Trump,3565,-3.68
New Mexico,Los Alamos,5191,4796,667,10654,Barack Obama,395,3359,5562,1964,10885,Hillary Clinton,2203,2.17
New Mexico,Luna,3583,3670,247,7500,Mitt Romney,87,3478,3195,622,7295,Donald Trump,283,-2.73
New Mexico,McKinley,15841,5546,542,21929,Barack Obama,10295,5104,13576,3023,21703,Hillary Clinton,8472,-1.03
New Mexico,Mora,1955,595,61,2611,Barack Obama,1360,665,1536,240,2441,Hillary Clinton,871,-6.51
New Mexico,Otero,6829,12451,732,20012,Mitt Romney,5622,11887,6124,2049,20060,Donald Trump,5763,0.24
New Mexico,Quay,1383,2202,122,3707,Mitt Romney,819,2212,1017,343,3572,Donald Trump,1195,-3.64
New Mexico,Rio Arriba,11465,3397,481,15343,Barack Obama,8068,3599,9592,1687,14878,Hillary Clinton,5993,-3.03
New Mexico,Roosevelt,1727,4043,199,5969,Mitt Romney,2316,3884,1454,612,5950,Donald Trump,2430,-0.32
New Mexico,San Juan,15855,28849,1533,46237,Mitt Romney,12994,27946,12865,5299,46110,Donald Trump,15081,-0.27
New Mexico,San Miguel,8850,2303,356,11509,Barack Obama,6547,2313,7285,1153,10751,Hillary Clinton,4972,-6.59
New Mexico,Sandoval,27236,24387,2456,54079,Barack Obama,2849,25905,27707,8078,61690,Hillary Clinton,1802,14.07
New Mexico,Santa Fe,50872,15500,2873,69245,Barack Obama,35372,14332,50793,6309,71434,Hillary Clinton,36461,3.16
New Mexico,Sierra,1964,2928,210,5102,Mitt Romney,964,3010,1612,559,5181,Donald Trump,1398,1.55
New Mexico,Socorro,4058,2722,413,7193,Barack Obama,1336,2616,3313,939,6868,Hillary Clinton,697,-4.52
New Mexico,Taos,11978,2730,631,15339,Barack Obama,9248,2727,10668,1865,15260,Hillary Clinton,7941,-0.52
New Mexico,Torrance,2428,3529,445,6402,Mitt Romney,1101,3714,1785,825,6324,Donald Trump,1929,-1.22
New Mexico,Union,472,1236,51,1759,Mitt Romney,764,1216,320,166,1702,Donald Trump,896,-3.24
New Mexico,Valencia,13511,12825,1392,27728,Barack Obama,686,13215,10841,3536,27592,Donald Trump,2374,-0.49
New York,Albany,83978,40210,11578,135766,Barack Obama,43768,47810,83077,8943,139830,Hillary Clinton,35267,2.99
New York,Allegany,5866,9377,1710,16953,Mitt Romney,3511,12525,4882,1285,18692,Donald Trump,7643,10.26
New York,Bronx,334600,26680,9614,370894,Barack Obama,307920,37797,353646,8079,399522,Hillary Clinton,315849,7.72
New York,Broome,39971,34708,6886,81565,Barack Obama,5263,40943,39212,5917,86072,Donald Trump,1731,5.53
New York,Cattaraugus,12040,14655,3072,29767,Mitt Romney,2615,19692,9497,1972,31161,Donald Trump,10195,4.68
New York,Cayuga,16105,11646,3418,31169,Barack Obama,4459,17384,13522,2266,33172,Donald Trump,3862,6.43
New York,Chautauqua,22463,24266,6123,52852,Mitt Romney,1803,31594,19091,3549,54234,Donald Trump,12503,2.61
New York,Chemung,16205,16138,2667,35010,Barack Obama,67,20097,13757,2265,36119,Donald Trump,6340,3.17
New York,Chenango,8642,8922,1750,19314,Mitt Romney,280,11921,6775,1464,20160,Donald Trump,5146,4.38
New York,Clinton,18072,9892,2692,30656,Barack Obama,8180,14449,15059,2597,32105,Hillary Clinton,610,4.73
New York,Columbia,15241,10600,3288,29129,Barack Obama,4641,13756,15284,1862,30902,Hillary Clinton,1528,6.09
New York,Cortland,9965,7859,1800,19624,Barack Obama,2106,9900,8771,1573,20244,Donald Trump,1129,3.16
New York,Delaware,7881,9086,1671,18638,Mitt Romney,1205,11942,6627,1223,19792,Donald Trump,5315,6.19
New York,Dutchess,62063,48264,13378,123705,Barack Obama,13799,61797,62261,6876,130934,Hillary Clinton,464,5.84
New York,Erie,227325,149683,37187,414195,Barack Obama,77642,188303,215456,19866,423625,Hillary Clinton,27153,2.28
New York,Essex,9368,6076,1273,16717,Barack Obama,3292,7958,7762,1498,17218,Donald Trump,196,3
New York,Franklin,9532,5231,1171,15934,Barack Obama,4301,8221,7297,1434,16952,Donald Trump,924,6.39
New York,Fulton,8331,9830,1638,19799,Mitt Romney,1499,13462,6496,1256,21214,Donald Trump,6966,7.15
New York,Genesee,9092,12814,2840,24746,Mitt Romney,3722,16915,7650,1867,26432,Donald Trump,9265,6.81
New York,Greene,8384,9737,2351,20472,Mitt Romney,1353,13073,7405,1572,22050,Donald Trump,5668,7.71
New York,Hamilton,1092,1771,259,3122,Mitt Romney,679,2064,949,212,3225,Donald Trump,1115,3.3
New York,Herkimer,10826,12166,2048,25040,Mitt Romney,1340,16699,8083,1473,26255,Donald Trump,8616,4.85
New York,Jefferson,16231,16435,3042,35708,Mitt Romney,204,21763,13809,2664,38236,Donald Trump,7954,7.08
New York,Kings,580225,112957,37352,730534,Barack Obama,467268,141044,640553,24008,805605,Hillary Clinton,499509,10.28
New York,Lewis,4530,5129,863,10522,Mitt Romney,599,7400,3146,779,11325,Donald Trump,4254,7.63
New York,Livingston,11100,12641,3029,26770,Mitt Romney,1541,17290,10697,2044,30031,Donald Trump,6593,12.18
New York,Madison,13231,12011,2852,28094,Barack Obama,1220,15936,11667,2461,30064,Donald Trump,4269,7.01
New York,Monroe,185916,114434,33463,333813,Barack Obama,71482,136582,188592,22616,347790,Hillary Clinton,52010,4.19
New York,Montgomery,8106,8046,2034,18186,Barack Obama,60,11301,6595,1158,19054,Donald Trump,4706,4.77
New York,Nassau,294661,237862,35628,568151,Barack Obama,56799,288313,326088,22566,636967,Hillary Clinton,37775,12.11
New York,New York,486172,84810,26245,597227,Barack Obama,401362,64929,579013,24997,668939,Hillary Clinton,514084,12.01
New York,Niagara,41837,38158,9018,89013,Barack Obama,3679,51961,35559,4882,92402,Donald Trump,16402,3.81
New York,Oneida,39031,40532,7137,86700,Mitt Romney,1501,51437,33743,5829,91009,Donald Trump,17694,4.97
New York,Onondaga,117470,69357,17890,204717,Barack Obama,48113,83649,112337,12454,208440,Hillary Clinton,28688,1.82
New York,Ontario,22065,20919,4869,47853,Barack Obama,1146,26029,22233,3996,52258,Donald Trump,3796,9.21
New York,Orange,70742,58003,11883,140628,Barack Obama,12739,76645,68278,7098,152021,Donald Trump,8367,8.1
New York,Orleans,5505,7585,1616,14706,Mitt Romney,2080,10936,4470,974,16380,Donald Trump,6466,11.38
New York,Oswego,22178,17610,4803,44591,Barack Obama,4568,27688,17095,3397,48180,Donald Trump,10593,8.05
New York,Otsego,11530,10451,2158,24139,Barack Obama,1079,13308,10451,1909,25668,Donald Trump,2857,6.33
New York,Putnam,18539,20925,4881,44345,Mitt Romney,2386,27024,19366,2173,48563,Donald Trump,7658,9.51
New York,Queens,461391,108864,24818,595073,Barack Obama,352527,149341,517220,19832,686393,Hillary Clinton,367879,15.35
New York,Rensselaer,35373,24903,7714,67990,Barack Obama,10470,33726,32717,5119,71562,Donald Trump,1009,5.25
New York,Richmond,75557,66916,11696,154169,Barack Obama,8641,101437,74143,5380,180960,Donald Trump,27294,17.38
New York,Rockland,63908,51976,8558,124442,Barack Obama,11932,60911,69342,4834,135087,Hillary Clinton,8431,8.55
New York,Saratoga,50998,44915,9597,105510,Barack Obama,6083,54575,50913,8606,114094,Donald Trump,3662,8.14
New York,Schenectady,35330,22952,6651,64933,Barack Obama,12378,28953,33747,4580,67280,Hillary Clinton,4794,3.61
New York,Schoharie,5119,6497,1591,13207,Mitt Romney,1378,8831,4240,979,14050,Donald Trump,4591,6.38
New York,Schuyler,3444,3798,904,8146,Mitt Romney,354,5050,3091,631,8772,Donald Trump,1959,7.68
New York,Seneca,6715,5244,1307,13266,Barack Obama,1471,7236,5697,1047,13980,Donald Trump,1539,5.38
New York,St. Lawrence,20488,13543,3160,37191,Barack Obama,6945,19942,16488,2728,39158,Donald Trump,3454,5.29
New York,Steuben,15015,20163,3353,38531,Mitt Romney,5148,26831,12526,2645,42002,Donald Trump,14305,9.01
New York,Suffolk,287519,243258,55481,586258,Barack Obama,44261,350570,303951,26733,681254,Donald Trump,46619,16.2
New York,Sullivan,14612,11347,2456,28415,Barack Obama,3265,15931,12568,1456,29955,Donald Trump,3363,5.42
New York,Tioga,8544,11160,1897,21601,Mitt Romney,2616,13260,7526,1513,22299,Donald Trump,5734,3.23
New York,Tompkins,24872,10191,4607,39670,Barack Obama,14681,10371,28890,3417,42678,Hillary Clinton,18519,7.58
New York,Ulster,43837,25572,8906,78315,Barack Obama,18265,34006,42101,5248,81355,Hillary Clinton,8095,3.88
New York,Warren,14276,12925,2377,29578,Barack Obama,1351,15751,13091,2566,31408,Donald Trump,2660,6.19
New York,Washington,10993,9793,2309,23095,Barack Obama,1200,13610,9098,1820,24528,Donald Trump,4512,6.2
New York,Wayne,15732,17248,4567,37547,Mitt Romney,1516,23380,13473,2834,39687,Donald Trump,9907,5.7
New York,Westchester,234778,131139,22530,388447,Barack Obama,103639,131238,272926,16491,420655,Hillary Clinton,141688,8.29
New York,Wyoming,5357,9248,1730,16335,Mitt Romney,3891,12442,3904,952,17298,Donald Trump,8538,5.9
New York,Yates,4259,4269,914,9442,Mitt Romney,10,5660,3659,747,10066,Donald Trump,2001,6.61
North Carolina,Alamance,28875,38170,731,67776,Mitt Romney,9295,38815,29833,2509,71157,Donald Trump,8982,4.99
North Carolina,Alexander,4611,12253,332,17196,Mitt Romney,7642,13893,3767,611,18271,Donald Trump,10126,6.25
North Carolina,Alleghany,1583,3390,94,5067,Mitt Romney,1807,3814,1306,195,5315,Donald Trump,2508,4.89
North Carolina,Anson,7019,4166,71,11256,Barack Obama,2853,4506,5859,180,10545,Hillary Clinton,1353,-6.32
North Carolina,Ashe,4116,8242,252,12610,Mitt Romney,4126,9412,3500,512,13424,Donald Trump,5912,6.46
North Carolina,Avery,1882,5766,111,7759,Mitt Romney,3884,6298,1689,262,8249,Donald Trump,4609,6.32
North Carolina,Beaufort,9435,13977,208,23620,Mitt Romney,4542,14543,8764,631,23938,Donald Trump,5779,1.35
North Carolina,Bertie,6695,3387,41,10123,Barack Obama,3308,3456,5778,113,9347,Hillary Clinton,2322,-7.67
North Carolina,Bladen,8062,7748,147,15957,Barack Obama,314,8550,7058,289,15897,Donald Trump,1492,-0.38
North Carolina,Brunswick,22038,34743,581,57362,Mitt Romney,12705,42720,23282,2349,68351,Donald Trump,19438,19.16
North Carolina,Buncombe,70625,54701,2370,127696,Barack Obama,15924,55716,75452,7779,138947,Hillary Clinton,19736,8.81
North Carolina,Burke,13701,22267,576,36544,Mitt Romney,8566,26238,11251,1431,38920,Donald Trump,14987,6.5
North Carolina,Cabarrus,32849,49557,1160,83566,Mitt Romney,16708,53819,35521,3949,93289,Donald Trump,18298,11.64
North Carolina,Caldwell,10898,23229,605,34732,Mitt Romney,12331,26621,8425,1274,36320,Donald Trump,18196,4.57
North Carolina,Camden,1508,3109,87,4704,Mitt Romney,1601,3546,1274,186,5006,Donald Trump,2272,6.42
North Carolina,Carteret,10301,24775,441,35517,Mitt Romney,14474,26569,9939,1273,37781,Donald Trump,16630,6.37
North Carolina,Caswell,5348,5594,97,11039,Mitt Romney,246,6026,4792,252,11070,Donald Trump,1234,0.28
North Carolina,Catawba,24069,44538,994,69601,Mitt Romney,20469,48324,21216,2811,72351,Donald Trump,27108,3.95
North Carolina,Chatham,18361,16665,408,35434,Barack Obama,1696,17105,21065,1679,39849,Hillary Clinton,3960,12.46
North Carolina,Cherokee,3378,9278,211,12867,Mitt Romney,5900,10844,2860,477,14181,Donald Trump,7984,10.21
North Carolina,Chowan,3556,3891,58,7505,Mitt Romney,335,4014,2992,222,7228,Donald Trump,1022,-3.69
North Carolina,Clay,1579,3973,90,5642,Mitt Romney,2394,4437,1367,206,6010,Donald Trump,3070,6.52
North Carolina,Cleveland,17062,25793,485,43340,Mitt Romney,8731,28479,14964,1230,44673,Donald Trump,13515,3.08
North Carolina,Columbus,11050,12941,252,24243,Mitt Romney,1891,14272,9063,397,23732,Donald Trump,5209,-2.11
North Carolina,Craven,18763,26928,479,46170,Mitt Romney,8165,27731,17630,1640,47001,Donald Trump,10101,1.8
North Carolina,Cumberland,75792,50666,1183,127641,Barack Obama,25126,51265,71605,4636,127506,Hillary Clinton,20340,-0.11
North Carolina,Currituck,3562,7496,246,11304,Mitt Romney,3934,9163,2913,593,12669,Donald Trump,6250,12.08
North Carolina,Dare,7393,10248,333,17974,Mitt Romney,2855,11460,7222,927,19609,Donald Trump,4238,9.1
North Carolina,Davidson,20624,49383,928,70935,Mitt Romney,28759,54317,18109,2430,74856,Donald Trump,36208,5.53
North Carolina,Davie,5735,14687,248,20670,Mitt Romney,8952,15602,5270,884,21756,Donald Trump,10332,5.25
North Carolina,Duplin,9033,11416,143,20592,Mitt Romney,2383,12217,8283,356,20856,Donald Trump,3934,1.28
North Carolina,Durham,111224,33769,1742,146735,Barack Obama,77455,28350,121250,6534,156134,Hillary Clinton,92900,6.41
North Carolina,Edgecombe,18310,8546,116,26972,Barack Obama,9764,8261,16224,401,24886,Hillary Clinton,7963,-7.73
North Carolina,Forsyth,92323,79768,1978,174069,Barack Obama,12555,75975,94464,7873,178312,Hillary Clinton,18489,2.44
North Carolina,Franklin,13436,14603,350,28389,Mitt Romney,1167,16368,12874,1126,30368,Donald Trump,3494,6.97
North Carolina,Gaston,33171,56138,1174,90483,Mitt Romney,22967,61798,31177,3456,96431,Donald Trump,30621,6.57
North Carolina,Gates,2786,2564,46,5396,Barack Obama,222,2874,2385,133,5392,Donald Trump,489,-0.07
North Carolina,Graham,1119,2750,78,3947,Mitt Romney,1631,3283,768,117,4168,Donald Trump,2515,5.6
North Carolina,Granville,13598,12405,272,26275,Barack Obama,1193,13591,12909,853,27353,Donald Trump,682,4.1
North Carolina,Greene,3778,4411,47,8236,Mitt Romney,633,4374,3605,116,8095,Donald Trump,769,-1.71
North Carolina,Guilford,146365,104789,2698,253852,Barack Obama,41576,98062,149248,10095,257405,Hillary Clinton,51186,1.4
North Carolina,Halifax,17176,8763,140,26079,Barack Obama,8413,9031,15748,388,25167,Hillary Clinton,6717,-3.5
North Carolina,Harnett,17331,25565,519,43415,Mitt Romney,8234,27614,16737,1714,46065,Donald Trump,10877,6.1
North Carolina,Haywood,11833,15633,508,27974,Mitt Romney,3800,18929,10473,1325,30727,Donald Trump,8456,9.84
North Carolina,Henderson,18642,32994,756,52392,Mitt Romney,14352,35809,19827,2540,58176,Donald Trump,15982,11.04
North Carolina,Hertford,7843,3007,68,10918,Barack Obama,4836,3099,6910,177,10186,Hillary Clinton,3811,-6.7
North Carolina,Hoke,10076,6819,194,17089,Barack Obama,3257,7760,9726,744,18230,Hillary Clinton,1966,6.68
North Carolina,Hyde,1163,1193,27,2383,Mitt Romney,30,1288,965,51,2304,Donald Trump,323,-3.32
North Carolina,Iredell,26076,49299,990,76365,Mitt Romney,23223,54754,24734,3079,82567,Donald Trump,30020,8.12
North Carolina,Jackson,8095,8254,352,16701,Mitt Romney,159,9870,7713,1130,18713,Donald Trump,2157,12.05
North Carolina,Johnston,27290,48427,974,76691,Mitt Romney,21137,54372,28362,3175,85909,Donald Trump,26010,12.02
North Carolina,Jones,2352,2837,41,5230,Mitt Romney,485,2974,2065,96,5135,Donald Trump,909,-1.82
North Carolina,Lee,10801,13158,280,24239,Mitt Romney,2357,13712,10469,903,25084,Donald Trump,3243,3.49
North Carolina,Lenoir,13948,13980,158,28086,Mitt Romney,32,13613,12634,560,26807,Donald Trump,979,-4.55
North Carolina,Lincoln,11024,25267,484,36775,Mitt Romney,14243,28806,9897,1320,40023,Donald Trump,18909,8.83
North Carolina,Macon,5712,10835,314,16861,Mitt Romney,5123,12127,4876,731,17734,Donald Trump,7251,5.18
North Carolina,Madison,4484,5404,225,10113,Mitt Romney,920,6783,3926,560,11269,Donald Trump,2857,11.43
North Carolina,Martin,6583,5995,74,12652,Barack Obama,588,5897,5846,221,11964,Donald Trump,51,-5.44
North Carolina,McDowell,6031,11775,293,18099,Mitt Romney,5744,14568,4667,640,19875,Donald Trump,9901,9.81
North Carolina,Mecklenburg,272262,171668,4970,448900,Barack Obama,100594,155518,294562,22777,472857,Hillary Clinton,139044,5.34
North Carolina,Mitchell,1838,5806,121,7765,Mitt Romney,3968,6282,1596,218,8096,Donald Trump,4686,4.26
North Carolina,Montgomery,4706,6404,121,11231,Mitt Romney,1698,7130,4150,260,11540,Donald Trump,2980,2.75
North Carolina,Moore,16505,29495,415,46415,Mitt Romney,12990,30490,16329,1873,48692,Donald Trump,14161,4.91
North Carolina,Nash,24313,23842,337,48492,Barack Obama,471,23319,23235,1111,47665,Donald Trump,84,-1.71
North Carolina,New Hanover,48668,53385,1575,103628,Mitt Romney,4717,55344,50979,5582,111905,Donald Trump,4365,7.99
North Carolina,Northampton,7232,3483,41,10756,Barack Obama,3749,3582,6144,122,9848,Hillary Clinton,2562,-8.44
North Carolina,Onslow,18490,32243,702,51435,Mitt Romney,13753,37122,17514,2499,57135,Donald Trump,19608,11.08
North Carolina,Orange,53901,21539,1317,76757,Barack Obama,32362,18557,59923,3860,82340,Hillary Clinton,41366,7.27
North Carolina,Pamlico,2647,4051,64,6762,Mitt Romney,1404,4258,2448,164,6870,Donald Trump,1810,1.6
North Carolina,Pasquotank,10282,7633,192,18107,Barack Obama,2649,8180,8615,596,17391,Hillary Clinton,435,-3.95
North Carolina,Pender,9632,14617,278,24527,Mitt Romney,4985,17639,9354,892,27885,Donald Trump,8285,13.69
North Carolina,Perquimans,2759,3822,71,6652,Mitt Romney,1063,4177,2319,212,6708,Donald Trump,1858,0.84
North Carolina,Person,8418,10496,192,19106,Mitt Romney,2078,11185,7833,597,19615,Donald Trump,3352,2.66
North Carolina,Pitt,41843,36214,799,78856,Barack Obama,5629,35691,41824,3012,80527,Hillary Clinton,6133,2.12
North Carolina,Polk,4013,6236,140,10389,Mitt Romney,2223,6768,3735,431,10934,Donald Trump,3033,5.25
North Carolina,Randolph,14773,45160,782,60715,Mitt Romney,30387,49430,13194,1951,64575,Donald Trump,36236,6.36
North Carolina,Richmond,9904,9332,181,19417,Barack Obama,572,10383,8501,444,19328,Donald Trump,1882,-0.46
North Carolina,Robeson,24988,17510,448,42946,Barack Obama,7478,20762,19016,1080,40858,Donald Trump,1746,-4.86
North Carolina,Rockingham,16351,25227,442,42020,Mitt Romney,8876,26830,14228,1220,42278,Donald Trump,12602,0.61
North Carolina,Rowan,22650,38775,887,62312,Mitt Romney,16125,42810,19400,2159,64369,Donald Trump,23410,3.3
North Carolina,Rutherford,9374,18954,374,28702,Mitt Romney,9580,21871,7512,924,30307,Donald Trump,14359,5.59
North Carolina,Sampson,11566,14422,186,26174,Mitt Romney,2856,14838,10547,543,25928,Donald Trump,4291,-0.94
North Carolina,Scotland,8215,5831,110,14156,Barack Obama,2384,6256,7319,353,13928,Hillary Clinton,1063,-1.61
North Carolina,Stanly,8431,19904,382,28717,Mitt Romney,11473,21964,7094,859,29917,Donald Trump,14870,4.18
North Carolina,Stokes,6018,15237,364,21619,Mitt Romney,9219,17116,4665,769,22550,Donald Trump,12451,4.31
North Carolina,Surry,9112,19923,435,29470,Mitt Romney,10811,23671,7488,1037,32196,Donald Trump,16183,9.25
North Carolina,Swain,2618,2976,134,5728,Mitt Romney,358,3565,2196,363,6124,Donald Trump,1369,6.91
North Carolina,Transylvania,6826,9634,303,16763,Mitt Romney,2808,10520,6558,791,17869,Donald Trump,3962,6.6
North Carolina,Tyrrell,837,930,16,1783,Mitt Romney,93,975,720,44,1739,Donald Trump,255,-2.47
North Carolina,Union,32473,61107,1148,94728,Mitt Romney,28634,66707,34337,4666,105710,Donald Trump,32370,11.59
North Carolina,Vance,13323,7429,102,20854,Barack Obama,5894,7332,12229,416,19977,Hillary Clinton,4897,-4.21
North Carolina,Wake,267262,211596,7569,486427,Barack Obama,55666,196082,302736,28806,527624,Hillary Clinton,106654,8.47
North Carolina,Warren,6978,3140,44,10162,Barack Obama,3838,3214,6413,215,9842,Hillary Clinton,3199,-3.15
North Carolina,Washington,3833,2622,44,6499,Barack Obama,1211,2564,3510,91,6165,Hillary Clinton,946,-5.14
North Carolina,Watauga,13002,13861,811,27674,Mitt Romney,859,13697,14138,2150,29985,Hillary Clinton,441,8.35
North Carolina,Wayne,23314,27641,397,51352,Mitt Romney,4327,27540,21770,1379,50689,Donald Trump,5770,-1.29
North Carolina,Wilkes,8148,20515,482,29145,Mitt Romney,12367,23752,6638,906,31296,Donald Trump,17114,7.38
North Carolina,Wilson,20875,17954,280,39109,Barack Obama,2921,17531,19663,941,38135,Hillary Clinton,2132,-2.49
North Carolina,Yadkin,3957,12578,278,16813,Mitt Romney,8621,13880,3160,584,17624,Donald Trump,10720,4.82
North Carolina,Yancey,3981,5278,192,9451,Mitt Romney,1297,6385,3196,379,9960,Donald Trump,3189,5.39
North Dakota,Adams,328,918,40,1286,Mitt Romney,590,909,216,93,1218,Donald Trump,693,-5.29
North Dakota,Barnes,2394,2964,164,5522,Mitt Romney,570,3160,1597,587,5344,Donald Trump,1563,-3.22
North Dakota,Benson,1235,868,54,2157,Barack Obama,367,929,842,240,2011,Donald Trump,87,-6.77
North Dakota,Billings,89,472,17,578,Mitt Romney,383,495,59,51,605,Donald Trump,436,4.67
North Dakota,Bottineau,1183,2280,92,3555,Mitt Romney,1097,2494,736,264,3494,Donald Trump,1758,-1.72
North Dakota,Bowman,414,1280,43,1737,Mitt Romney,866,1446,227,114,1787,Donald Trump,1219,2.88
North Dakota,Burke,230,769,24,1023,Mitt Romney,539,895,119,38,1052,Donald Trump,776,2.83
North Dakota,Burleigh,14122,27951,1314,43387,Mitt Romney,13829,32532,10881,4566,47979,Donald Trump,21651,10.58
North Dakota,Cass,34712,36855,2288,73855,Mitt Romney,2143,39816,31361,9644,80821,Donald Trump,8455,9.43
North Dakota,Cavalier,818,1195,56,2069,Mitt Romney,377,1357,476,173,2006,Donald Trump,881,-3.04
North Dakota,Dickey,853,1610,72,2535,Mitt Romney,757,1667,554,186,2407,Donald Trump,1113,-5.05
North Dakota,Divide,385,733,44,1162,Mitt Romney,348,867,245,107,1219,Donald Trump,622,4.91
North Dakota,Dunn,508,1506,20,2034,Mitt Romney,998,1771,358,114,2243,Donald Trump,1413,10.28
North Dakota,Eddy,486,634,37,1157,Mitt Romney,148,791,355,85,1231,Donald Trump,436,6.4
North Dakota,Emmons,383,1435,66,1884,Mitt Romney,1052,1677,215,89,1981,Donald Trump,1462,5.15
North Dakota,Foster,607,1030,45,1682,Mitt Romney,423,1241,347,131,1719,Donald Trump,894,2.2
North Dakota,Golden Valley,162,742,24,928,Mitt Romney,580,796,99,62,957,Donald Trump,697,3.12
North Dakota,Grand Forks,14032,15060,937,30029,Mitt Romney,1028,16340,10851,3174,30365,Donald Trump,5489,1.12
North Dakota,Grant,334,1025,54,1413,Mitt Romney,691,1108,185,88,1381,Donald Trump,923,-2.26
North Dakota,Griggs,536,771,36,1343,Mitt Romney,235,847,298,120,1265,Donald Trump,549,-5.81
North Dakota,Hettinger,313,1000,49,1362,Mitt Romney,687,1050,168,78,1296,Donald Trump,882,-4.85
North Dakota,Kidder,393,870,65,1328,Mitt Romney,477,1111,179,86,1376,Donald Trump,932,3.61
North Dakota,LaMoure,740,1377,77,2194,Mitt Romney,637,1481,502,168,2151,Donald Trump,979,-1.96
North Dakota,Logan,232,810,31,1073,Mitt Romney,578,888,114,65,1067,Donald Trump,774,-0.56
North Dakota,McHenry,943,1678,91,2712,Mitt Romney,735,2050,490,280,2820,Donald Trump,1560,3.98
North Dakota,McIntosh,459,1035,36,1530,Mitt Romney,576,1100,235,111,1446,Donald Trump,865,-5.49
North Dakota,McKenzie,927,2458,66,3451,Mitt Romney,1531,3670,698,304,4672,Donald Trump,2972,35.38
North Dakota,McLean,1670,3141,127,4938,Mitt Romney,1471,3860,1081,374,5315,Donald Trump,2779,7.63
North Dakota,Mercer,1166,3152,137,4455,Mitt Romney,1986,3759,621,302,4682,Donald Trump,3138,5.1
North Dakota,Morton,4469,8680,464,13613,Mitt Romney,4211,11336,3080,1416,15832,Donald Trump,8256,16.3
North Dakota,Mountrail,1403,1962,92,3457,Mitt Romney,559,2582,1220,304,4106,Donald Trump,1362,18.77
North Dakota,Nelson,767,865,46,1678,Mitt Romney,98,1025,536,156,1717,Donald Trump,489,2.32
North Dakota,Oliver,281,693,39,1013,Mitt Romney,412,830,119,68,1017,Donald Trump,711,0.39
North Dakota,Pembina,1253,1899,103,3255,Mitt Romney,646,2208,681,264,3153,Donald Trump,1527,-3.13
North Dakota,Pierce,660,1465,53,2178,Mitt Romney,805,1437,431,203,2071,Donald Trump,1006,-4.91
North Dakota,Ramsey,2164,2665,170,4999,Mitt Romney,501,3217,1505,583,5305,Donald Trump,1712,6.12
North Dakota,Ransom,1343,1009,73,2425,Barack Obama,334,1210,838,311,2359,Donald Trump,372,-2.72
North Dakota,Renville,398,851,29,1278,Mitt Romney,453,993,201,99,1293,Donald Trump,792,1.17
North Dakota,Richland,3198,4229,186,7613,Mitt Romney,1031,4767,2064,761,7592,Donald Trump,2703,-0.28
North Dakota,Rolette,3353,1092,107,4552,Barack Obama,2261,1217,2099,439,3755,Hillary Clinton,882,-17.51
North Dakota,Sargent,1075,879,53,2007,Barack Obama,196,1088,694,215,1997,Donald Trump,394,-0.5
North Dakota,Sheridan,163,642,17,822,Mitt Romney,479,650,95,42,787,Donald Trump,555,-4.26
North Dakota,Sioux,900,225,19,1144,Barack Obama,675,260,758,214,1232,Hillary Clinton,498,7.69
North Dakota,Slope,83,341,13,437,Mitt Romney,258,362,43,25,430,Donald Trump,319,-1.6
North Dakota,Stark,2812,8521,300,11633,Mitt Romney,5709,9755,1753,814,12322,Donald Trump,8002,5.92
North Dakota,Steele,518,498,26,1042,Barack Obama,20,538,361,100,999,Donald Trump,177,-4.13
North Dakota,Stutsman,3585,5685,288,9558,Mitt Romney,2100,6718,2498,939,10155,Donald Trump,4220,6.25
North Dakota,Towner,516,623,43,1182,Mitt Romney,107,733,305,119,1157,Donald Trump,428,-2.12
North Dakota,Traill,1811,1996,114,3921,Mitt Romney,185,2265,1241,427,3933,Donald Trump,1024,0.31
North Dakota,Walsh,2124,2813,159,5096,Mitt Romney,689,2995,1167,474,4636,Donald Trump,1828,-9.03
North Dakota,Ward,8441,16230,792,25463,Mitt Romney,7789,18636,5806,2970,27412,Donald Trump,12830,7.65
North Dakota,Wells,673,1654,52,2379,Mitt Romney,981,1796,419,168,2383,Donald Trump,1377,0.17
North Dakota,Williams,2322,7184,302,9808,Mitt Romney,4862,10069,1735,1003,12807,Donald Trump,8334,30.58
Ohio,Adams,3976,6865,248,11089,Mitt Romney,2889,8659,2326,374,11359,Donald Trump,6333,2.43
Ohio,Allen,17913,29502,820,48235,Mitt Romney,11589,30487,13294,2113,45894,Donald Trump,17193,-4.85
Ohio,Ashland,8281,15519,530,24330,Mitt Romney,7238,17493,5740,1357,24590,Donald Trump,11753,1.07
Ohio,Ashtabula,23803,18298,963,43064,Barack Obama,5505,23318,15577,1972,40867,Donald Trump,7741,-5.1
Ohio,Athens,18307,8543,788,27638,Barack Obama,9764,11354,16370,1719,29443,Hillary Clinton,5016,6.53
Ohio,Auglaize,5831,17169,405,23405,Mitt Romney,11338,18658,3980,989,23627,Donald Trump,14678,0.95
Ohio,Belmont,14156,16758,650,31564,Mitt Romney,2602,21108,8785,1229,31122,Donald Trump,12323,-1.4
Ohio,Brown,7107,11916,369,19392,Mitt Romney,4809,14573,4353,681,19607,Donald Trump,10220,1.11
Ohio,Butler,62388,105176,2627,170191,Mitt Romney,42788,106976,58642,8221,173839,Donald Trump,48334,2.14
Ohio,Carroll,5543,7315,404,13262,Mitt Romney,1772,9254,3154,666,13074,Donald Trump,6100,-1.42
Ohio,Champaign,7044,11045,332,18421,Mitt Romney,4001,12631,4594,879,18104,Donald Trump,8037,-1.72
Ohio,Clark,31298,31816,1030,64144,Mitt Romney,518,35205,23328,2896,61429,Donald Trump,11877,-4.23
Ohio,Clermont,30458,64208,1607,96273,Mitt Romney,33750,67518,26715,4888,99121,Donald Trump,40803,2.96
Ohio,Clinton,5791,12009,344,18144,Mitt Romney,6218,13838,4066,771,18675,Donald Trump,9772,2.93
Ohio,Columbiana,19821,25251,979,46051,Mitt Romney,5430,31676,12432,2093,46201,Donald Trump,19244,0.33
Ohio,Coshocton,6940,8390,409,15739,Mitt Romney,1450,10785,4013,754,15552,Donald Trump,6772,-1.19
Ohio,Crawford,7507,11852,444,19803,Mitt Romney,4345,13611,4625,1001,19237,Donald Trump,8986,-2.86
Ohio,Cuyahoga,447232,190651,6398,644281,Barack Obama,256581,184211,398271,21340,603822,Hillary Clinton,214060,-6.28
Ohio,Darke,6826,18108,467,25401,Mitt Romney,11282,20012,4470,1002,25484,Donald Trump,15542,0.33
Ohio,Defiance,7732,10176,380,18288,Mitt Romney,2444,11688,5368,1136,18192,Donald Trump,6320,-0.52
Ohio,Delaware,37292,60194,1275,98761,Mitt Romney,22902,57568,40872,5420,103860,Donald Trump,16696,5.16
Ohio,Erie,21793,16952,660,39405,Barack Obama,4841,19648,16057,1873,37578,Donald Trump,3591,-4.64
Ohio,Fairfield,29890,41034,1144,72068,Mitt Romney,11144,44314,24881,3718,72913,Donald Trump,19433,1.17
Ohio,Fayette,4249,6620,151,11020,Mitt Romney,2371,7995,2739,428,11162,Donald Trump,5256,1.29
Ohio,Franklin,346336,215987,8660,570983,Barack Obama,130349,199331,351198,30611,581140,Hillary Clinton,151867,1.78
Ohio,Fulton,9073,11738,457,21268,Mitt Romney,2665,13709,6069,1447,21225,Donald Trump,7640,-0.2
Ohio,Gallia,4557,7750,288,12595,Mitt Romney,3193,9822,2628,481,12931,Donald Trump,7194,2.67
Ohio,Geauga,19659,30589,749,50997,Mitt Romney,10930,30227,17569,2145,49941,Donald Trump,12658,-2.07
Ohio,Greene,32256,49819,1415,83490,Mitt Romney,17563,48540,28943,4375,81858,Donald Trump,19597,-1.95
Ohio,Guernsey,7450,8993,371,16814,Mitt Romney,1543,11445,4359,753,16557,Donald Trump,7086,-1.53
Ohio,Hamilton,219927,193326,5641,418894,Barack Obama,26601,173665,215719,19725,409109,Hillary Clinton,42054,-2.34
Ohio,Hancock,12564,22443,687,35694,Mitt Romney,9879,24183,9609,2231,36023,Donald Trump,14574,0.92
Ohio,Hardin,4619,7489,341,12449,Mitt Romney,2870,8717,2920,657,12294,Donald Trump,5797,-1.25
Ohio,Harrison,2950,4019,172,7141,Mitt Romney,1069,5098,1688,293,7079,Donald Trump,3410,-0.87
Ohio,Henry,5658,8257,321,14236,Mitt Romney,2599,9301,3756,875,13932,Donald Trump,5545,-2.14
Ohio,Highland,6049,11410,380,17839,Mitt Romney,5361,14020,3773,708,18501,Donald Trump,10247,3.71
Ohio,Hocking,6157,6285,286,12728,Mitt Romney,128,8497,3775,566,12838,Donald Trump,4722,0.86
Ohio,Holmes,2608,8702,226,11536,Mitt Romney,6094,8720,1788,546,11054,Donald Trump,6932,-4.18
Ohio,Huron,11006,13060,597,24663,Mitt Romney,2054,16226,7192,1416,24834,Donald Trump,9034,0.69
Ohio,Jackson,5166,7904,311,13381,Mitt Romney,2738,9949,3226,518,13693,Donald Trump,6723,2.33
Ohio,Jefferson,15385,17034,650,33069,Mitt Romney,1649,21117,9675,1409,32201,Donald Trump,11442,-2.62
Ohio,Knox,10470,17266,652,28388,Mitt Romney,6796,19131,8171,1385,28687,Donald Trump,10960,1.05
Ohio,Lake,57680,58744,1980,118404,Mitt Romney,1064,64255,46397,5594,116246,Donald Trump,17858,-1.82
Ohio,Lawrence,10744,14651,438,25833,Mitt Romney,3907,18689,6974,944,26607,Donald Trump,11715,3
Ohio,Licking,34201,45503,1686,81390,Mitt Romney,11302,51241,27376,4144,82761,Donald Trump,23865,1.68
Ohio,Logan,7062,13633,442,21137,Mitt Romney,6571,15957,4647,967,21571,Donald Trump,11310,2.05
Ohio,Lorain,81464,59405,2384,143253,Barack Obama,22059,66818,66949,6795,140562,Hillary Clinton,131,-1.88
Ohio,Lucas,136616,69940,3662,210218,Barack Obama,66676,75698,110833,11025,197556,Hillary Clinton,35135,-6.02
Ohio,Madison,6845,10342,330,17517,Mitt Romney,3497,11631,4779,880,17290,Donald Trump,6852,-1.3
Ohio,Mahoning,77059,42641,1610,121310,Barack Obama,34418,53616,57381,4075,115072,Hillary Clinton,3765,-5.14
Ohio,Marion,12504,14265,583,27352,Mitt Romney,1761,16961,7928,1433,26322,Donald Trump,9033,-3.77
Ohio,Medina,38785,50418,1580,90783,Mitt Romney,11633,54810,32182,4381,91373,Donald Trump,22628,0.65
Ohio,Meigs,4027,5895,296,10218,Mitt Romney,1868,7309,2260,416,9985,Donald Trump,5049,-2.28
Ohio,Mercer,4745,16561,355,21661,Mitt Romney,11816,17506,3384,836,21726,Donald Trump,14122,0.3
Ohio,Miami,16383,34606,947,51936,Mitt Romney,18223,37079,13120,2535,52734,Donald Trump,23959,1.54
Ohio,Monroe,3035,3548,199,6782,Mitt Romney,513,4868,1662,265,6795,Donald Trump,3206,0.19
Ohio,Montgomery,137139,124841,4298,266278,Barack Obama,12298,123909,122016,12376,258301,Donald Trump,1893,-3
Ohio,Morgan,2814,3179,136,6129,Mitt Romney,365,4431,1736,276,6443,Donald Trump,2695,5.12
Ohio,Morrow,5933,9865,386,16184,Mitt Romney,3932,11948,3761,839,16548,Donald Trump,8187,2.25
Ohio,Muskingum,17001,19264,820,37085,Mitt Romney,2263,24056,11123,1812,36991,Donald Trump,12933,-0.25
Ohio,Noble,2131,3563,178,5872,Mitt Romney,1432,4549,1221,243,6013,Donald Trump,3328,2.4
Ohio,Ottawa,11503,10538,415,22456,Barack Obama,965,12653,8285,1280,22218,Donald Trump,4368,-1.06
Ohio,Paulding,3538,5354,236,9128,Mitt Romney,1816,6500,2093,454,9047,Donald Trump,4407,-0.89
Ohio,Perry,7033,7627,324,14984,Mitt Romney,594,10228,4138,629,14995,Donald Trump,6090,0.07
Ohio,Pickaway,9684,14037,402,24123,Mitt Romney,4353,17076,6529,1140,24745,Donald Trump,10547,2.58
Ohio,Pike,5684,5685,212,11581,Mitt Romney,1,7902,3539,438,11879,Donald Trump,4363,2.57
Ohio,Portage,39453,35242,1544,76239,Barack Obama,4211,39971,32397,3771,76139,Donald Trump,7574,-0.13
Ohio,Preble,6211,13535,423,20169,Mitt Romney,7324,15446,4325,794,20565,Donald Trump,11121,1.96
Ohio,Putnam,4318,13721,333,18372,Mitt Romney,9403,14961,2922,884,18767,Donald Trump,12039,2.15
Ohio,Richland,22687,33867,1161,57715,Mitt Romney,11180,36590,16085,2539,55214,Donald Trump,20505,-4.33
Ohio,Ross,14569,15008,506,30083,Mitt Romney,439,18652,10356,1372,30380,Donald Trump,8296,0.99
Ohio,Sandusky,14541,13755,698,28994,Barack Obama,786,16316,9929,1799,28044,Donald Trump,6387,-3.28
Ohio,Scioto,15077,15492,592,31161,Mitt Romney,415,20550,9132,1102,30784,Donald Trump,11418,-1.21
Ohio,Seneca,11353,13243,666,25262,Mitt Romney,1890,14825,7404,1758,23987,Donald Trump,7421,-5.05
Ohio,Shelby,6343,17142,381,23866,Mitt Romney,10799,18590,4243,907,23740,Donald Trump,14347,-0.53
Ohio,Stark,89432,88581,3464,181477,Barack Obama,851,98388,68146,8705,175239,Donald Trump,30242,-3.44
Ohio,Summit,153037,111000,3674,267711,Barack Obama,42037,112026,134256,11697,257979,Hillary Clinton,22230,-3.64
Ohio,Trumbull,61672,38279,1768,101719,Barack Obama,23393,49024,43014,3991,96029,Donald Trump,6010,-5.59
Ohio,Tuscarawas,18407,22242,964,41613,Mitt Romney,3835,26918,12188,2183,41289,Donald Trump,14730,-0.78
Ohio,Union,8805,16289,473,25567,Mitt Romney,7484,18096,7718,1615,27429,Donald Trump,10378,7.28
Ohio,Van Wert,4029,9585,252,13866,Mitt Romney,5556,10469,2697,604,13770,Donald Trump,7772,-0.69
Ohio,Vinton,2436,2856,175,5467,Mitt Romney,420,3883,1351,268,5502,Donald Trump,2532,0.64
Ohio,Warren,32909,76561,1534,111004,Mitt Romney,43652,77643,33730,5894,117267,Donald Trump,43913,5.64
Ohio,Washington,11651,17284,564,29499,Mitt Romney,5633,20514,8026,1300,29840,Donald Trump,12488,1.16
Ohio,Wayne,19808,30251,1005,51064,Mitt Romney,10443,32270,15031,2552,49853,Donald Trump,17239,-2.37
Ohio,Williams,7266,10047,393,17706,Mitt Romney,2781,11939,4358,1011,17308,Donald Trump,7581,-2.25
Ohio,Wood,32802,29704,1442,63948,Barack Obama,3098,32498,27318,4525,64341,Donald Trump,5180,0.61
Ohio,Wyandot,4137,6180,255,10572,Mitt Romney,2043,7468,2515,609,10592,Donald Trump,4953,0.19
Oklahoma,Adair,2127,4381,0,6508,Mitt Romney,2254,4787,1382,344,6513,Donald Trump,3405,0.08
Oklahoma,Alfalfa,322,1761,0,2083,Mitt Romney,1439,1933,216,109,2258,Donald Trump,1717,8.4
Oklahoma,Atoka,1243,3538,0,4781,Mitt Romney,2295,4084,795,139,5018,Donald Trump,3289,4.96
Oklahoma,Beaver,244,2062,0,2306,Mitt Romney,1818,1993,176,74,2243,Donald Trump,1817,-2.73
Oklahoma,Beckham,1417,5508,0,6925,Mitt Romney,4091,6308,960,284,7552,Donald Trump,5348,9.05
Oklahoma,Blaine,992,2824,0,3816,Mitt Romney,1832,2884,711,198,3793,Donald Trump,2173,-0.6
Oklahoma,Bryan,3681,9520,0,13201,Mitt Romney,5839,10478,2804,536,13818,Donald Trump,7674,4.67
Oklahoma,Caddo,3164,5687,0,8851,Mitt Romney,2523,6482,2420,446,9348,Donald Trump,4062,5.62
Oklahoma,Canadian,10537,35625,0,46162,Mitt Romney,25088,39986,11674,3618,55278,Donald Trump,28312,19.75
Oklahoma,Carter,4908,12214,0,17122,Mitt Romney,7306,13752,4002,780,18534,Donald Trump,9750,8.25
Oklahoma,Cherokee,6144,8162,0,14306,Mitt Romney,2018,9994,5456,1040,16490,Donald Trump,4538,15.27
Oklahoma,Choctaw,1494,3572,0,5066,Mitt Romney,2078,4206,1067,153,5426,Donald Trump,3139,7.11
Oklahoma,Cimarron,115,1082,0,1197,Mitt Romney,967,963,71,45,1079,Donald Trump,892,-9.86
Oklahoma,Cleveland,34771,59116,0,93887,Mitt Romney,24345,62538,38829,8083,109450,Donald Trump,23709,16.58
Oklahoma,Coal,649,1710,0,2359,Mitt Romney,1061,1898,411,90,2399,Donald Trump,1487,1.7
Oklahoma,Comanche,12521,17664,0,30185,Mitt Romney,5143,19183,11463,1918,32564,Donald Trump,7720,7.88
Oklahoma,Cotton,657,1796,0,2453,Mitt Romney,1139,2054,424,124,2602,Donald Trump,1630,6.07
Oklahoma,Craig,1747,3559,0,5306,Mitt Romney,1812,4283,1252,250,5785,Donald Trump,3031,9.03
Oklahoma,Creek,7128,18986,0,26114,Mitt Romney,11858,21575,5841,1414,28830,Donald Trump,15734,10.4
Oklahoma,Custer,2359,7446,0,9805,Mitt Romney,5087,7826,2104,611,10541,Donald Trump,5722,7.51
Oklahoma,Delaware,4196,10080,0,14276,Mitt Romney,5884,11826,3311,579,15716,Donald Trump,8515,10.09
Oklahoma,Dewey,301,1792,0,2093,Mitt Romney,1491,1965,222,61,2248,Donald Trump,1743,7.41
Oklahoma,Ellis,226,1575,0,1801,Mitt Romney,1349,1611,155,61,1827,Donald Trump,1456,1.44
Oklahoma,Garfield,4733,15177,0,19910,Mitt Romney,10444,16009,4397,1304,21710,Donald Trump,11612,9.04
Oklahoma,Garvin,2559,6925,0,9484,Mitt Romney,4366,8253,1855,438,10546,Donald Trump,6398,11.2
Oklahoma,Grady,4786,14833,0,19619,Mitt Romney,10047,17316,3882,1088,22286,Donald Trump,13434,13.59
Oklahoma,Grant,393,1675,0,2068,Mitt Romney,1282,1827,288,86,2201,Donald Trump,1539,6.43
Oklahoma,Greer,488,1344,0,1832,Mitt Romney,856,1482,323,91,1896,Donald Trump,1159,3.49
Oklahoma,Harmon,264,659,0,923,Mitt Romney,395,715,225,37,977,Donald Trump,490,5.85
Oklahoma,Harper,173,1261,0,1434,Mitt Romney,1088,1318,134,47,1499,Donald Trump,1184,4.53
Oklahoma,Haskell,1175,3069,0,4244,Mitt Romney,1894,3701,882,155,4738,Donald Trump,2819,11.64
Oklahoma,Hughes,1370,2838,0,4208,Mitt Romney,1468,3388,961,177,4526,Donald Trump,2427,7.56
Oklahoma,Jackson,1954,5965,0,7919,Mitt Romney,4011,5969,1473,364,7806,Donald Trump,4496,-1.43
Oklahoma,Jefferson,605,1634,0,2239,Mitt Romney,1029,1910,365,75,2350,Donald Trump,1545,4.96
Oklahoma,Johnston,1137,2649,0,3786,Mitt Romney,1512,3093,786,139,4018,Donald Trump,2307,6.13
Oklahoma,Kay,4627,11499,0,16126,Mitt Romney,6872,12172,3738,893,16803,Donald Trump,8434,4.2
Oklahoma,Kingfisher,898,4870,0,5768,Mitt Romney,3972,5156,786,189,6131,Donald Trump,4370,6.29
Oklahoma,Kiowa,1106,2316,0,3422,Mitt Romney,1210,2596,767,130,3493,Donald Trump,1829,2.07
Oklahoma,Latimer,1170,2628,0,3798,Mitt Romney,1458,3100,797,159,4056,Donald Trump,2303,6.79
Oklahoma,Le Flore,4662,11177,0,15839,Mitt Romney,6515,13362,3250,609,17221,Donald Trump,10112,8.73
Oklahoma,Lincoln,3273,9553,0,12826,Mitt Romney,6280,10854,2430,741,14025,Donald Trump,8424,9.35
Oklahoma,Logan,4724,12314,0,17038,Mitt Romney,7590,13633,4248,1098,18979,Donald Trump,9385,11.39
Oklahoma,Love,1034,2436,0,3470,Mitt Romney,1402,2922,735,132,3789,Donald Trump,2187,9.19
Oklahoma,Major,446,2700,0,3146,Mitt Romney,2254,2948,310,149,3407,Donald Trump,2638,8.3
Oklahoma,Marshall,1396,3744,0,5140,Mitt Romney,2348,4206,1096,190,5492,Donald Trump,3110,6.85
Oklahoma,Mayes,4823,9637,0,14460,Mitt Romney,4814,11555,3423,739,15717,Donald Trump,8132,8.69
Oklahoma,McClain,3194,11112,0,14306,Mitt Romney,7918,13169,2894,795,16858,Donald Trump,10275,17.84
Oklahoma,McCurtain,2440,7635,0,10075,Mitt Romney,5195,8656,1802,268,10726,Donald Trump,6854,6.46
Oklahoma,McIntosh,2779,4509,0,7288,Mitt Romney,1730,5505,2123,335,7963,Donald Trump,3382,9.26
Oklahoma,Murray,1540,3606,0,5146,Mitt Romney,2066,4175,1087,266,5528,Donald Trump,3088,7.42
Oklahoma,Muskogee,9952,13404,0,23356,Mitt Romney,3452,15043,7977,1196,24216,Donald Trump,7066,3.68
Oklahoma,Noble,1143,3488,0,4631,Mitt Romney,2345,3715,901,262,4878,Donald Trump,2814,5.33
Oklahoma,Nowata,1244,2832,0,4076,Mitt Romney,1588,3321,742,174,4237,Donald Trump,2579,3.95
Oklahoma,Okfuskee,1256,2335,0,3591,Mitt Romney,1079,2800,943,200,3943,Donald Trump,1857,9.8
Oklahoma,Oklahoma,106982,149728,0,256710,Mitt Romney,42746,141569,112813,19560,273942,Donald Trump,28756,6.71
Oklahoma,Okmulgee,5432,7731,0,13163,Mitt Romney,2299,8944,4385,620,13949,Donald Trump,4559,5.97
Oklahoma,Osage,6704,11242,0,17946,Mitt Romney,4538,12577,5597,792,18966,Donald Trump,6980,5.68
Oklahoma,Ottawa,3509,6466,0,9975,Mitt Romney,2957,7631,2584,475,10690,Donald Trump,5047,7.17
Oklahoma,Pawnee,1813,4232,0,6045,Mitt Romney,2419,4729,1344,291,6364,Donald Trump,3385,5.28
Oklahoma,Payne,9198,16481,0,25679,Mitt Romney,7283,16651,8788,2321,27760,Donald Trump,7863,8.1
Oklahoma,Pittsburg,4831,10841,0,15672,Mitt Romney,6010,12753,3711,807,17271,Donald Trump,9042,10.2
Oklahoma,Pontotoc,3947,8945,0,12892,Mitt Romney,4998,10431,3637,763,14831,Donald Trump,6794,15.04
Oklahoma,Pottawatomie,7188,16250,0,23438,Mitt Romney,9062,17848,6015,1589,25452,Donald Trump,11833,8.59
Oklahoma,Pushmataha,1043,3087,0,4130,Mitt Romney,2044,3581,748,154,4483,Donald Trump,2833,8.55
Oklahoma,Roger Mills,272,1402,0,1674,Mitt Romney,1130,1547,151,61,1759,Donald Trump,1396,5.08
Oklahoma,Rogers,9148,27553,0,36701,Mitt Romney,18405,30913,7902,2047,40862,Donald Trump,23011,11.34
Oklahoma,Seminole,2600,4856,0,7456,Mitt Romney,2256,5613,2071,353,8037,Donald Trump,3542,7.79
Oklahoma,Sequoyah,4193,9578,0,13771,Mitt Romney,5385,10888,3061,488,14437,Donald Trump,7827,4.84
Oklahoma,Stephens,3939,12908,0,16847,Mitt Romney,8969,14182,3086,636,17904,Donald Trump,11096,6.27
Oklahoma,Texas,862,4930,0,5792,Mitt Romney,4068,4621,858,301,5780,Donald Trump,3763,-0.21
Oklahoma,Tillman,906,1815,0,2721,Mitt Romney,909,1944,657,105,2706,Donald Trump,1287,-0.55
Oklahoma,Tulsa,82744,145062,0,227806,Mitt Romney,62318,144258,87847,14949,247054,Donald Trump,56411,8.45
Oklahoma,Wagoner,7791,20900,0,28691,Mitt Romney,13109,23005,6723,1572,31300,Donald Trump,16282,9.09
Oklahoma,Washington,5532,15668,0,21200,Mitt Romney,10136,15825,5048,1351,22224,Donald Trump,10777,4.83
Oklahoma,Washita,822,3494,0,4316,Mitt Romney,2672,3854,588,189,4631,Donald Trump,3266,7.3
Oklahoma,Woods,671,2727,0,3398,Mitt Romney,2056,2947,522,199,3668,Donald Trump,2425,7.95
Oklahoma,Woodward,1133,5945,0,7078,Mitt Romney,4812,6347,873,375,7595,Donald Trump,5474,7.3
Oregon,Baker,2369,5702,377,8448,Mitt Romney,3333,6218,1797,764,8779,Donald Trump,4421,3.92
Oregon,Benton,27776,14991,2035,44802,Barack Obama,12785,13445,29193,6115,48753,Hillary Clinton,15748,8.82
Oregon,Clackamas,95493,88592,5247,189332,Barack Obama,6901,88392,102095,23552,214039,Hillary Clinton,13703,13.05
Oregon,Clatsop,9861,7249,708,17818,Barack Obama,2612,8138,9252,2274,19664,Hillary Clinton,1114,10.36
Oregon,Columbia,12004,10772,1099,23875,Barack Obama,1232,13217,10167,3234,26618,Donald Trump,3050,11.49
Oregon,Coos,12845,14673,1168,28686,Mitt Romney,1828,17865,10448,3000,31313,Donald Trump,7417,9.16
Oregon,Crook,3104,6790,336,10230,Mitt Romney,3686,8511,2637,1024,12172,Donald Trump,5874,18.98
Oregon,Curry,4625,6598,455,11678,Mitt Romney,1973,7212,4300,1099,12611,Donald Trump,2912,7.99
Oregon,Deschutes,36961,42463,2476,81900,Mitt Romney,5502,45692,42444,10421,98557,Donald Trump,3248,20.34
Oregon,Douglas,17145,30776,1882,49803,Mitt Romney,13631,34582,14096,4843,53521,Donald Trump,20486,7.47
Oregon,Gilliam,371,639,51,1061,Mitt Romney,268,671,239,109,1019,Donald Trump,432,-3.96
Oregon,Grant,853,2926,132,3911,Mitt Romney,2073,3210,739,391,4340,Donald Trump,2471,10.97
Oregon,Harney,832,2607,144,3583,Mitt Romney,1775,2912,683,379,3974,Donald Trump,2229,10.91
Oregon,Hood River,6058,3429,351,9838,Barack Obama,2629,3272,6510,1128,10910,Hillary Clinton,3238,10.9
Oregon,Jackson,44468,49020,3639,97127,Mitt Romney,4552,53870,44447,11010,109327,Donald Trump,9423,12.56
Oregon,Jefferson,3301,4642,232,8175,Mitt Romney,1341,5483,2980,996,9459,Donald Trump,2503,15.71
Oregon,Josephine,14953,23673,1612,40238,Mitt Romney,8720,26923,13453,4184,44560,Donald Trump,13470,10.74
Oregon,Klamath,8302,18898,952,28152,Mitt Romney,10596,20435,7210,2862,30507,Donald Trump,13225,8.37
Oregon,Lake,770,2808,132,3710,Mitt Romney,2038,3022,639,269,3930,Donald Trump,2383,5.93
Oregon,Lane,102652,62509,6689,171850,Barack Obama,40143,67141,102753,22056,191950,Hillary Clinton,35612,11.7
Oregon,Lincoln,13401,8686,897,22984,Barack Obama,4715,10039,12501,2716,25256,Hillary Clinton,2462,9.89
Oregon,Linn,20378,28944,2104,51426,Mitt Romney,8566,33488,17995,7236,58719,Donald Trump,15493,14.18
Oregon,Malheur,2759,6851,346,9956,Mitt Romney,4092,7194,2246,995,10435,Donald Trump,4948,4.81
Oregon,Marion,56376,60190,3810,120376,Mitt Romney,3814,63377,57788,15675,136840,Donald Trump,5589,13.68
Oregon,Morrow,1202,2532,148,3882,Mitt Romney,1330,2721,1017,429,4167,Donald Trump,1704,7.34
Oregon,Multnomah,274887,75302,14533,364722,Barack Obama,199585,67954,292561,38588,399103,Hillary Clinton,224607,9.43
Oregon,Polk,16292,17819,1146,35257,Mitt Romney,1527,18940,16420,4935,40295,Donald Trump,2520,14.29
Oregon,Sherman,319,678,29,1026,Mitt Romney,359,732,202,83,1017,Donald Trump,530,-0.88
Oregon,Tillamook,6293,5684,542,12519,Barack Obama,609,6538,5768,1497,13803,Donald Trump,770,10.26
Oregon,Umatilla,8584,15499,886,24969,Mitt Romney,6915,17059,7673,2865,27597,Donald Trump,9386,10.53
Oregon,Union,3973,7636,461,12070,Mitt Romney,3663,8431,3249,1288,12968,Donald Trump,5182,7.44
Oregon,Wallowa,1253,2804,148,4205,Mitt Romney,1551,2848,1116,402,4366,Donald Trump,1732,3.83
Oregon,Wasco,5211,5229,433,10873,Mitt Romney,18,5833,4781,1350,11964,Donald Trump,1052,10.03
Oregon,Washington,135291,93974,7758,237023,Barack Obama,41317,83197,153251,32784,269232,Hillary Clinton,70054,13.59
Oregon,Wheeler,266,545,47,858,Mitt Romney,279,591,155,72,818,Donald Trump,436,-4.66
Oregon,Yamhill,19260,22045,1602,42907,Mitt Romney,2785,23250,19301,6202,48753,Donald Trump,3949,13.62
Pennsylvania,Adams,15091,26767,599,42457,Mitt Romney,11676,31423,14219,1847,47489,Donald Trump,17204,11.85
Pennsylvania,Allegheny,352687,262039,7355,622081,Barack Obama,90648,259480,367617,23017,650114,Hillary Clinton,108137,4.51
Pennsylvania,Armstrong,9045,20142,415,29602,Mitt Romney,11097,23484,7178,956,31618,Donald Trump,16306,6.81
Pennsylvania,Beaver,37055,42344,1075,80474,Mitt Romney,5289,48167,32531,2873,83571,Donald Trump,15636,3.85
Pennsylvania,Bedford,4788,16702,207,21697,Mitt Romney,11914,19552,3645,440,23637,Donald Trump,15907,8.94
Pennsylvania,Berks,83011,84702,2607,170320,Mitt Romney,1691,96626,78437,8002,183065,Donald Trump,18189,7.48
Pennsylvania,Blair,16276,33319,646,50241,Mitt Romney,17043,39135,13958,1816,54909,Donald Trump,25177,9.29
Pennsylvania,Bradford,8624,14410,392,23426,Mitt Romney,5786,18141,6369,1198,25708,Donald Trump,11772,9.74
Pennsylvania,Bucks,160521,156579,3916,321016,Barack Obama,3942,164361,167060,12876,344297,Hillary Clinton,2699,7.25
Pennsylvania,Butler,28550,59761,1134,89445,Mitt Romney,31211,64428,28584,4059,97071,Donald Trump,35844,8.53
Pennsylvania,Cambria,24249,35163,1114,60526,Mitt Romney,10914,42258,18867,1947,63072,Donald Trump,23391,4.21
Pennsylvania,Cameron,724,1359,28,2111,Mitt Romney,635,1589,531,66,2186,Donald Trump,1058,3.55
Pennsylvania,Carbon,11580,13504,497,25581,Mitt Romney,1924,18743,8936,1097,28776,Donald Trump,9807,12.49
Pennsylvania,Centre,34176,34001,1449,69626,Barack Obama,175,35274,37088,3786,76148,Hillary Clinton,1814,9.37
Pennsylvania,Chester,124311,124840,2822,251973,Mitt Romney,529,116114,141682,11004,268800,Hillary Clinton,25568,6.68
Pennsylvania,Clarion,5056,10828,302,16186,Mitt Romney,5772,12576,4273,686,17535,Donald Trump,8303,8.33
Pennsylvania,Clearfield,11121,20347,499,31967,Mitt Romney,9226,24932,8200,1139,34271,Donald Trump,16732,7.21
Pennsylvania,Clinton,5734,7303,228,13265,Mitt Romney,1569,10022,4744,628,15394,Donald Trump,5278,16.05
Pennsylvania,Columbia,10937,14236,450,25623,Mitt Romney,3299,18004,8934,1290,28228,Donald Trump,9070,10.17
Pennsylvania,Crawford,13883,20901,604,35388,Mitt Romney,7018,24987,10971,1534,37492,Donald Trump,14016,5.95
Pennsylvania,Cumberland,44367,64809,1638,110814,Mitt Romney,20442,69076,47085,5456,121617,Donald Trump,21991,9.75
Pennsylvania,Dauphin,64965,57450,1593,124008,Barack Obama,7515,60863,64706,5303,130872,Hillary Clinton,3843,5.54
Pennsylvania,Delaware,171792,110853,2919,285564,Barack Obama,60939,110667,177402,9565,297634,Hillary Clinton,66735,4.23
Pennsylvania,Elk,5463,7579,196,13238,Mitt Romney,2116,10025,3853,548,14426,Donald Trump,6172,8.97
Pennsylvania,Erie,68036,49025,1558,118619,Barack Obama,19011,60069,58112,5498,123679,Donald Trump,1957,4.27
Pennsylvania,Fayette,21971,26018,516,48505,Mitt Romney,4047,34590,17946,1231,53767,Donald Trump,16644,10.85
Pennsylvania,Forest,896,1383,33,2312,Mitt Romney,487,1683,626,92,2401,Donald Trump,1057,3.85
Pennsylvania,Franklin,18995,43260,823,63078,Mitt Romney,24265,49768,17465,2498,69731,Donald Trump,32303,10.55
Pennsylvania,Fulton,1310,4814,71,6195,Mitt Romney,3504,5694,912,165,6771,Donald Trump,4782,9.3
Pennsylvania,Greene,5852,8428,184,14464,Mitt Romney,2576,10849,4482,433,15764,Donald Trump,6367,8.99
Pennsylvania,Huntingdon,5409,11979,251,17639,Mitt Romney,6570,14494,4539,673,19706,Donald Trump,9955,11.72
Pennsylvania,Indiana,14473,21257,591,36321,Mitt Romney,6784,24888,11528,1354,37770,Donald Trump,13360,3.99
Pennsylvania,Jefferson,4787,13048,262,18097,Mitt Romney,8261,15192,3650,636,19478,Donald Trump,11542,7.63
Pennsylvania,Juniata,2547,6862,126,9535,Mitt Romney,4315,8273,1821,360,10454,Donald Trump,6452,9.64
Pennsylvania,Lackawanna,61838,35085,1092,98015,Barack Obama,26753,48384,51983,3089,103456,Hillary Clinton,3599,5.55
Pennsylvania,Lancaster,88481,130669,3286,222436,Mitt Romney,42188,137914,91093,12105,241112,Donald Trump,46821,8.4
Pennsylvania,Lawrence,17513,21047,476,39036,Mitt Romney,3534,25428,14009,1316,40753,Donald Trump,11419,4.4
Pennsylvania,Lebanon,19900,35872,808,56580,Mitt Romney,15972,40525,18953,2367,61845,Donald Trump,21572,9.31
Pennsylvania,Lehigh,78283,66874,1845,147002,Barack Obama,11409,73690,81324,5979,160993,Hillary Clinton,7634,9.52
Pennsylvania,Luzerne,64307,58325,1807,124439,Barack Obama,5982,78688,52451,3844,134983,Donald Trump,26237,8.47
Pennsylvania,Lycoming,15203,30658,632,46493,Mitt Romney,15455,35627,13020,1918,50565,Donald Trump,22607,8.76
Pennsylvania,McKean,5297,9545,266,15108,Mitt Romney,4248,11635,4025,636,16296,Donald Trump,7610,7.86
Pennsylvania,Mercer,24232,25925,706,50863,Mitt Romney,1693,31544,18733,2032,52309,Donald Trump,12811,2.84
Pennsylvania,Mifflin,4273,11939,159,16371,Mitt Romney,7666,14094,3877,630,18601,Donald Trump,10217,13.62
Pennsylvania,Monroe,35221,26867,829,62917,Barack Obama,8354,33386,33918,2448,69752,Hillary Clinton,532,10.86
Pennsylvania,Montgomery,233356,174381,4463,412200,Barack Obama,58975,162731,256082,15874,434687,Hillary Clinton,93351,5.46
Pennsylvania,Montour,3053,4652,126,7831,Mitt Romney,1599,5288,2857,411,8556,Donald Trump,2431,9.26
Pennsylvania,Northampton,67606,61446,1683,130735,Barack Obama,6160,71736,66272,5511,143519,Donald Trump,5464,9.78
Pennsylvania,Northumberland,13072,19518,622,33212,Mitt Romney,6446,25427,9788,1407,36622,Donald Trump,15639,10.27
Pennsylvania,Perry,5685,13120,323,19128,Mitt Romney,7435,15616,4632,910,21158,Donald Trump,10984,10.61
Pennsylvania,Philadelphia,588806,96467,5054,690327,Barack Obama,492339,108748,584025,14858,707631,Hillary Clinton,475277,2.51
Pennsylvania,Pike,10210,12786,283,23279,Mitt Romney,2576,16056,9256,789,26101,Donald Trump,6800,12.12
Pennsylvania,Potter,1897,5231,114,7242,Mitt Romney,3334,6251,1302,231,7784,Donald Trump,4949,7.48
Pennsylvania,Schuylkill,24546,32278,903,57727,Mitt Romney,7732,44001,16770,2098,62869,Donald Trump,27231,8.91
Pennsylvania,Snyder,4687,10073,242,15002,Mitt Romney,5386,11725,4002,636,16363,Donald Trump,7723,9.07
Pennsylvania,Somerset,9436,23984,522,33942,Mitt Romney,14548,27379,7376,1018,35773,Donald Trump,20003,5.39
Pennsylvania,Sullivan,1034,1868,47,2949,Mitt Romney,834,2291,750,95,3136,Donald Trump,1541,6.34
Pennsylvania,Susquehanna,6935,10800,309,18044,Mitt Romney,3865,12891,5123,849,18863,Donald Trump,7768,4.54
Pennsylvania,Tioga,5357,11342,305,17004,Mitt Romney,5985,13614,3901,810,18325,Donald Trump,9713,7.77
Pennsylvania,Union,6109,9896,263,16268,Mitt Romney,3787,10622,6180,666,17468,Donald Trump,4442,7.38
Pennsylvania,Venango,7945,13815,407,22167,Mitt Romney,5870,16021,6309,1018,23348,Donald Trump,9712,5.33
Pennsylvania,Warren,6995,10010,294,17299,Mitt Romney,3015,12477,5145,812,18434,Donald Trump,7332,6.56
Pennsylvania,Washington,40345,53230,1175,94750,Mitt Romney,12885,61386,36322,3742,101450,Donald Trump,25064,7.07
Pennsylvania,Wayne,8396,12896,315,21607,Mitt Romney,4500,16244,7008,766,24018,Donald Trump,9236,11.16
Pennsylvania,Westmoreland,63722,103932,1918,169572,Mitt Romney,40210,116522,59669,5860,182051,Donald Trump,56853,7.36
Pennsylvania,Wyoming,5061,6587,224,11872,Mitt Romney,1526,8837,3811,496,13144,Donald Trump,5026,10.71
Pennsylvania,York,73191,113304,2734,189229,Mitt Romney,40113,128528,68524,8934,205986,Donald Trump,60004,8.86
Rhode Island,Bristol,14974,9231,471,24676,Barack Obama,5743,8965,14609,1901,25475,Hillary Clinton,5644,3.24
Rhode Island,Kent,45564,31567,1792,78923,Barack Obama,13997,38336,37788,5929,82053,Donald Trump,548,3.97
Rhode Island,Newport,23463,15202,787,39452,Barack Obama,8261,15077,22851,3117,41045,Hillary Clinton,7774,4.04
Rhode Island,Providence,159520,75785,4484,239789,Barack Obama,83735,90882,142899,14693,248474,Hillary Clinton,52017,3.62
Rhode Island,Washington,35888,25366,1625,62879,Barack Obama,10522,27230,33741,5398,66369,Hillary Clinton,6511,5.55
South Carolina,Abbeville,4543,5981,147,10671,Mitt Romney,1438,6763,3741,271,10775,Donald Trump,3022,0.97
South Carolina,Aiken,25322,44042,999,70363,Mitt Romney,18720,46025,25455,3371,74851,Donald Trump,20570,6.38
South Carolina,Allendale,3297,838,28,4163,Barack Obama,2459,789,2735,68,3592,Hillary Clinton,1946,-13.72
South Carolina,Anderson,22405,48709,1098,72212,Mitt Romney,26304,56232,21097,3154,80483,Donald Trump,35135,11.45
South Carolina,Bamberg,4624,2194,64,6882,Barack Obama,2430,2204,3898,112,6214,Hillary Clinton,1694,-9.71
South Carolina,Barnwell,5188,4659,76,9923,Barack Obama,529,4889,4400,196,9485,Donald Trump,489,-4.41
South Carolina,Beaufort,29848,42687,762,73297,Mitt Romney,12839,42922,32138,3464,78524,Donald Trump,10784,7.13
South Carolina,Berkeley,28542,38475,1178,68195,Mitt Romney,9933,44587,30705,4225,79517,Donald Trump,13882,16.6
South Carolina,Calhoun,4045,3707,82,7834,Barack Obama,338,3787,3573,189,7549,Donald Trump,214,-3.64
South Carolina,Charleston,81487,77629,2591,161707,Barack Obama,3858,75443,89299,11603,176345,Hillary Clinton,13856,9.05
South Carolina,Cherokee,7231,13314,228,20773,Mitt Romney,6083,15167,6092,500,21759,Donald Trump,9075,4.75
South Carolina,Chester,7891,6367,149,14407,Barack Obama,1524,7265,6579,348,14192,Donald Trump,686,-1.49
South Carolina,Chesterfield,7958,8490,146,16594,Mitt Romney,532,9312,6858,411,16581,Donald Trump,2454,-0.08
South Carolina,Clarendon,9091,7071,130,16292,Barack Obama,2020,7386,7732,277,15395,Hillary Clinton,346,-5.51
South Carolina,Colleton,8475,8443,168,17086,Barack Obama,32,9091,7627,533,17251,Donald Trump,1464,0.97
South Carolina,Darlington,15457,14434,259,30150,Barack Obama,1023,14989,13888,797,29674,Donald Trump,1101,-1.58
South Carolina,Dillon,7523,5427,85,13035,Barack Obama,2096,5637,5834,227,11698,Hillary Clinton,197,-10.26
South Carolina,Dorchester,23445,32531,879,56855,Mitt Romney,9086,34987,24055,3525,62567,Donald Trump,10932,10.05
South Carolina,Edgefield,4967,6512,107,11586,Mitt Romney,1545,6842,4491,311,11644,Donald Trump,2351,0.5
South Carolina,Fairfield,7777,3999,119,11895,Barack Obama,3778,4027,6945,295,11267,Hillary Clinton,2918,-5.28
South Carolina,Florence,28614,28961,547,58122,Mitt Romney,347,29573,26710,1648,57931,Donald Trump,2863,-0.33
South Carolina,Georgetown,14163,16526,276,30965,Mitt Romney,2363,17389,13310,958,31657,Donald Trump,4079,2.23
South Carolina,Greenville,68070,121685,3434,193189,Mitt Romney,53615,127832,74483,12850,215165,Donald Trump,53349,11.38
South Carolina,Greenwood,11972,16348,352,28672,Mitt Romney,4376,16961,10711,1091,28763,Donald Trump,6250,0.32
South Carolina,Hampton,5834,3312,60,9206,Barack Obama,2522,3488,5170,148,8806,Hillary Clinton,1682,-4.34
South Carolina,Horry,38885,72127,1381,112393,Mitt Romney,33242,89288,39410,4222,132920,Donald Trump,49878,18.26
South Carolina,Jasper,5757,4169,95,10021,Barack Obama,1588,5187,5956,284,11427,Hillary Clinton,769,14.03
South Carolina,Kershaw,11259,16324,363,27946,Mitt Romney,5065,17542,10330,1123,28995,Donald Trump,7212,3.75
South Carolina,Lancaster,13419,19333,392,33144,Mitt Romney,5914,23719,13812,1407,38938,Donald Trump,9907,17.48
South Carolina,Laurens,10318,14746,352,25416,Mitt Romney,4428,16816,8889,861,26566,Donald Trump,7927,4.52
South Carolina,Lee,5977,2832,98,8907,Barack Obama,3145,2803,5199,154,8156,Hillary Clinton,2396,-8.43
South Carolina,Lexington,34148,76662,1813,112623,Mitt Romney,42514,80026,35230,6837,122093,Donald Trump,44796,8.41
South Carolina,Marion,9688,5164,134,14986,Barack Obama,4524,5444,8569,263,14276,Hillary Clinton,3125,-4.74
South Carolina,Marlboro,6100,3676,77,9853,Barack Obama,2424,4267,5954,168,10389,Hillary Clinton,1687,5.44
South Carolina,McCormick,2653,2467,40,5160,Barack Obama,186,2652,2479,85,5216,Donald Trump,173,1.09
South Carolina,Newberry,6913,9260,178,16351,Mitt Romney,2347,10017,6217,573,16807,Donald Trump,3800,2.79
South Carolina,Oconee,8550,21611,505,30666,Mitt Romney,13061,24178,7998,1459,33635,Donald Trump,16180,9.68
South Carolina,Orangeburg,30720,12022,299,43041,Barack Obama,18698,11931,26318,661,38910,Hillary Clinton,14387,-9.6
South Carolina,Pickens,11156,33474,919,45549,Mitt Romney,22318,36236,10354,2459,49049,Donald Trump,25882,7.68
South Carolina,Richland,103989,53105,2060,159154,Barack Obama,50884,52469,108000,8253,168722,Hillary Clinton,55531,6.01
South Carolina,Saluda,3328,5135,101,8564,Mitt Romney,1807,5526,2813,225,8564,Donald Trump,2713,0
South Carolina,Spartanburg,41461,66969,1476,109906,Mitt Romney,25508,76277,39997,4816,121090,Donald Trump,36280,10.18
South Carolina,Sumter,27589,19274,446,47309,Barack Obama,8315,18745,24047,1294,44086,Hillary Clinton,5302,-6.81
South Carolina,Union,5796,6584,161,12541,Mitt Romney,788,7061,4729,302,12092,Donald Trump,2332,-3.58
South Carolina,Williamsburg,11335,4824,145,16304,Barack Obama,6511,4864,9953,237,15054,Hillary Clinton,5089,-7.67
South Carolina,York,39131,59546,1533,100210,Mitt Romney,20415,66754,41593,6010,114357,Donald Trump,25161,14.12
South Dakota,Aurora,556,804,40,1400,Mitt Romney,248,974,340,93,1407,Donald Trump,634,0.5
South Dakota,Beadle,2881,4230,152,7263,Mitt Romney,1349,4455,1912,405,6772,Donald Trump,2543,-6.76
South Dakota,Bennett,548,626,29,1203,Mitt Romney,78,666,412,71,1149,Donald Trump,254,-4.49
South Dakota,Bon Homme,1167,1830,77,3074,Mitt Romney,663,2105,704,165,2974,Donald Trump,1401,-3.25
South Dakota,Brookings,5827,6220,353,12400,Mitt Romney,393,6748,4879,1053,12680,Donald Trump,1869,2.26
South Dakota,Brown,7250,8321,497,16068,Mitt Romney,1071,9613,5452,1049,16114,Donald Trump,4161,0.29
South Dakota,Brule,824,1499,56,2379,Mitt Romney,675,1565,571,152,2288,Donald Trump,994,-3.83
South Dakota,Buffalo,472,166,3,641,Barack Obama,306,171,296,23,490,Hillary Clinton,125,-23.56
South Dakota,Butte,1002,3073,133,4208,Mitt Romney,2071,3357,696,298,4351,Donald Trump,2661,3.4
South Dakota,Campbell,153,616,18,787,Mitt Romney,463,704,105,22,831,Donald Trump,599,5.59
South Dakota,Charles Mix,1483,2230,51,3764,Mitt Romney,747,2382,935,116,3433,Donald Trump,1447,-8.79
South Dakota,Clark,713,1067,41,1821,Mitt Romney,354,1139,398,120,1657,Donald Trump,741,-9.01
South Dakota,Clay,2955,2147,132,5234,Barack Obama,808,2109,2608,352,5069,Hillary Clinton,499,-3.15
South Dakota,Codington,4588,6696,240,11524,Mitt Romney,2108,7764,3174,731,11669,Donald Trump,4590,1.26
South Dakota,Corson,648,515,37,1200,Barack Obama,133,588,535,52,1175,Donald Trump,53,-2.08
South Dakota,Custer,1335,3062,123,4520,Mitt Romney,1727,3293,1121,307,4721,Donald Trump,2172,4.45
South Dakota,Davison,3042,4757,172,7971,Mitt Romney,1715,5157,2355,440,7952,Donald Trump,2802,-0.24
South Dakota,Day,1497,1320,56,2873,Barack Obama,177,1627,974,146,2747,Donald Trump,653,-4.39
South Dakota,Deuel,941,1175,55,2171,Mitt Romney,234,1366,570,144,2080,Donald Trump,796,-4.19
South Dakota,Dewey,1207,663,25,1895,Barack Obama,544,723,888,97,1708,Hillary Clinton,165,-9.87
South Dakota,Douglas,332,1334,24,1690,Mitt Romney,1002,1338,214,53,1605,Donald Trump,1124,-5.03
South Dakota,Edmunds,622,1264,50,1936,Mitt Romney,642,1433,380,105,1918,Donald Trump,1053,-0.93
South Dakota,Fall River,1140,2258,118,3516,Mitt Romney,1118,2511,821,231,3563,Donald Trump,1690,1.34
South Dakota,Faulk,331,765,31,1127,Mitt Romney,434,858,204,56,1118,Donald Trump,654,-0.8
South Dakota,Grant,1493,2034,79,3606,Mitt Romney,541,2382,971,211,3564,Donald Trump,1411,-1.16
South Dakota,Gregory,599,1507,45,2151,Mitt Romney,908,1600,391,100,2091,Donald Trump,1209,-2.79
South Dakota,Haakon,138,940,14,1092,Mitt Romney,802,936,77,31,1044,Donald Trump,859,-4.4
South Dakota,Hamlin,921,1803,69,2793,Mitt Romney,882,2051,555,156,2762,Donald Trump,1496,-1.11
South Dakota,Hand,575,1242,31,1848,Mitt Romney,667,1391,334,93,1818,Donald Trump,1057,-1.62
South Dakota,Hanson,760,1627,29,2416,Mitt Romney,867,1497,424,85,2006,Donald Trump,1073,-16.97
South Dakota,Harding,82,638,19,739,Mitt Romney,556,695,38,37,770,Donald Trump,657,4.19
South Dakota,Hughes,2786,5219,150,8155,Mitt Romney,2433,5174,2450,551,8175,Donald Trump,2724,0.25
South Dakota,Hutchinson,923,2451,51,3425,Mitt Romney,1528,2517,692,156,3365,Donald Trump,1825,-1.75
South Dakota,Hyde,189,531,13,733,Mitt Romney,342,543,125,22,690,Donald Trump,418,-5.87
South Dakota,Jackson,426,661,19,1106,Mitt Romney,235,722,323,50,1095,Donald Trump,399,-0.99
South Dakota,Jerauld,452,538,16,1006,Mitt Romney,86,648,264,55,967,Donald Trump,384,-3.88
South Dakota,Jones,108,490,11,609,Mitt Romney,382,450,69,39,558,Donald Trump,381,-8.37
South Dakota,Kingsbury,1092,1451,65,2608,Mitt Romney,359,1680,703,168,2551,Donald Trump,977,-2.19
South Dakota,Lake,2724,3419,142,6285,Mitt Romney,695,4038,2314,434,6786,Donald Trump,1724,7.97
South Dakota,Lawrence,3973,7025,361,11359,Mitt Romney,3052,7411,3356,1075,11842,Donald Trump,4055,4.25
South Dakota,Lincoln,7982,13611,359,21952,Mitt Romney,5629,15499,8076,1656,25231,Donald Trump,7423,14.94
South Dakota,Lyman,605,933,31,1569,Mitt Romney,328,977,369,75,1421,Donald Trump,608,-9.43
South Dakota,Marshall,1061,889,37,1987,Barack Obama,172,1056,754,137,1947,Donald Trump,302,-2.01
South Dakota,McCook,905,1655,53,2613,Mitt Romney,750,1794,623,170,2587,Donald Trump,1171,-1
South Dakota,McPherson,272,921,22,1215,Mitt Romney,649,892,192,53,1137,Donald Trump,700,-6.42
South Dakota,Meade,2928,7566,323,10817,Mitt Romney,4638,8441,2223,957,11621,Donald Trump,6218,7.43
South Dakota,Mellette,375,381,13,769,Mitt Romney,6,402,238,43,683,Donald Trump,164,-11.18
South Dakota,Miner,479,636,25,1140,Mitt Romney,157,706,281,77,1064,Donald Trump,425,-6.67
South Dakota,Minnehaha,34674,40342,1567,76583,Mitt Romney,5668,42043,30610,5610,78263,Donald Trump,11433,2.19
South Dakota,Moody,1429,1535,69,3033,Mitt Romney,106,1731,1043,159,2933,Donald Trump,688,-3.3
South Dakota,Oglala Lakota,2937,188,20,3145,Barack Obama,2749,241,2510,154,2905,Hillary Clinton,2269,-7.63
South Dakota,Pennington,15125,28232,1107,44464,Mitt Romney,13107,29804,14074,3865,47743,Donald Trump,15730,7.37
South Dakota,Perkins,319,1205,66,1590,Mitt Romney,886,1333,188,85,1606,Donald Trump,1145,1.01
South Dakota,Potter,339,1029,13,1381,Mitt Romney,690,1071,215,51,1337,Donald Trump,856,-3.19
South Dakota,Roberts,2302,1883,71,4256,Barack Obama,419,2144,1540,205,3889,Donald Trump,604,-8.62
South Dakota,Sanborn,389,688,38,1115,Mitt Romney,299,819,241,63,1123,Donald Trump,578,0.72
South Dakota,Spink,1300,1670,71,3041,Mitt Romney,370,1854,919,178,2951,Donald Trump,935,-2.96
South Dakota,Stanley,435,1063,42,1540,Mitt Romney,628,1148,329,90,1567,Donald Trump,819,1.75
South Dakota,Sully,186,613,19,818,Mitt Romney,427,679,137,45,861,Donald Trump,542,5.26
South Dakota,Todd,1976,498,23,2497,Barack Obama,1478,487,1505,133,2125,Hillary Clinton,1018,-14.9
South Dakota,Tripp,737,1905,49,2691,Mitt Romney,1168,2069,462,99,2630,Donald Trump,1607,-2.27
South Dakota,Turner,1411,2715,84,4210,Mitt Romney,1304,2937,961,252,4150,Donald Trump,1976,-1.43
South Dakota,Union,2782,4698,116,7596,Mitt Romney,1916,5290,2227,380,7897,Donald Trump,3063,3.96
South Dakota,Walworth,671,1731,60,2462,Mitt Romney,1060,1896,457,124,2477,Donald Trump,1439,0.61
South Dakota,Yankton,4226,5495,253,9974,Mitt Romney,1269,5659,3301,663,9623,Donald Trump,2358,-3.52
South Dakota,Ziebach,439,314,8,761,Barack Obama,125,368,353,46,767,Donald Trump,15,0.79
Tennessee,Anderson,10122,18968,569,29659,Mitt Romney,8846,19212,9013,1656,29881,Donald Trump,10199,0.75
Tennessee,Bedford,4211,10034,200,14445,Mitt Romney,5823,11486,3395,474,15355,Donald Trump,8091,6.3
Tennessee,Benton,2258,3850,118,6226,Mitt Romney,1592,4716,1474,138,6328,Donald Trump,3242,1.64
Tennessee,Bledsoe,1267,3022,70,4359,Mitt Romney,1755,3622,897,145,4664,Donald Trump,2725,7
Tennessee,Blount,12934,35441,859,49234,Mitt Romney,22507,37443,12100,2665,52208,Donald Trump,25343,6.04
Tennessee,Bradley,8037,27422,504,35963,Mitt Romney,19385,29768,7070,1828,38666,Donald Trump,22698,7.52
Tennessee,Campbell,3328,8604,169,12101,Mitt Romney,5276,9870,2248,414,12532,Donald Trump,7622,3.56
Tennessee,Cannon,1564,3309,100,4973,Mitt Romney,1745,4007,1127,180,5314,Donald Trump,2880,6.86
Tennessee,Carroll,3475,7225,151,10851,Mitt Romney,3750,7756,2327,301,10384,Donald Trump,5429,-4.3
Tennessee,Carter,4789,15503,325,20617,Mitt Romney,10714,16898,3453,733,21084,Donald Trump,13445,2.27
Tennessee,Cheatham,4659,10268,255,15182,Mitt Romney,5609,11297,3878,749,15924,Donald Trump,7419,4.89
Tennessee,Chester,1624,4684,102,6410,Mitt Romney,3060,5081,1243,183,6507,Donald Trump,3838,1.51
Tennessee,Claiborne,2433,7617,128,10178,Mitt Romney,5184,8602,1832,306,10740,Donald Trump,6770,5.52
Tennessee,Clay,1037,1747,36,2820,Mitt Romney,710,2141,707,72,2920,Donald Trump,1434,3.55
Tennessee,Cocke,2804,8459,191,11454,Mitt Romney,5655,9791,1981,354,12126,Donald Trump,7810,5.87
Tennessee,Coffee,5870,13023,366,19259,Mitt Romney,7153,14417,4743,811,19971,Donald Trump,9674,3.7
Tennessee,Crockett,1669,3783,46,5498,Mitt Romney,2114,3982,1303,112,5397,Donald Trump,2679,-1.84
Tennessee,Cumberland,6261,18653,333,25247,Mitt Romney,12392,20413,5202,745,26360,Donald Trump,15211,4.41
Tennessee,Davidson,143120,97622,4131,244873,Barack Obama,45498,84550,148864,15654,249068,Hillary Clinton,64314,1.71
Tennessee,DeKalb,2174,4143,105,6422,Mitt Romney,1969,5171,1569,215,6955,Donald Trump,3602,8.3
Tennessee,Decatur,1303,2874,74,4251,Mitt Romney,1571,3588,894,110,4592,Donald Trump,2694,8.02
Tennessee,Dickson,6233,11296,306,17835,Mitt Romney,5063,13233,4722,744,18699,Donald Trump,8511,4.84
Tennessee,Dyer,3757,9921,122,13800,Mitt Romney,6164,10180,2816,340,13336,Donald Trump,7364,-3.36
Tennessee,Fayette,6688,12689,197,19574,Mitt Romney,6001,13055,5874,465,19394,Donald Trump,7181,-0.92
Tennessee,Fentress,1561,5243,91,6895,Mitt Romney,3682,6038,1100,195,7333,Donald Trump,4938,6.35
Tennessee,Franklin,5603,10262,254,16119,Mitt Romney,4659,11532,4374,498,16404,Donald Trump,7158,1.77
Tennessee,Gibson,6564,12883,220,19667,Mitt Romney,6319,13786,5258,503,19547,Donald Trump,8528,-0.61
Tennessee,Giles,3760,6915,124,10799,Mitt Romney,3155,7970,2917,250,11137,Donald Trump,5053,3.13
Tennessee,Grainger,1668,5470,114,7252,Mitt Romney,3802,6626,1154,228,8008,Donald Trump,5472,10.42
Tennessee,Greene,6225,17245,417,23887,Mitt Romney,11020,18562,4216,805,23583,Donald Trump,14346,-1.27
Tennessee,Grundy,1643,2516,78,4237,Mitt Romney,873,3636,999,128,4763,Donald Trump,2637,12.41
Tennessee,Hamblen,5234,14522,276,20032,Mitt Romney,9288,15857,4075,760,20692,Donald Trump,11782,3.29
Tennessee,Hamilton,58836,79933,2412,141181,Mitt Romney,21097,78733,55316,8359,142408,Donald Trump,23417,0.87
Tennessee,Hancock,475,1527,44,2046,Mitt Romney,1052,1843,322,66,2231,Donald Trump,1521,9.04
Tennessee,Hardeman,5482,4865,92,10439,Barack Obama,617,4919,4185,169,9273,Donald Trump,734,-11.17
Tennessee,Hardin,2467,7886,142,10495,Mitt Romney,5419,8012,1622,315,9949,Donald Trump,6390,-5.2
Tennessee,Hawkins,5088,14382,327,19797,Mitt Romney,9294,16648,3507,619,20774,Donald Trump,13141,4.94
Tennessee,Haywood,4569,2960,40,7569,Barack Obama,1609,3013,3711,110,6834,Hillary Clinton,698,-9.71
Tennessee,Henderson,2517,7421,117,10055,Mitt Romney,4904,8138,1800,279,10217,Donald Trump,6338,1.61
Tennessee,Henry,4339,8193,207,12739,Mitt Romney,3854,9508,3063,374,12945,Donald Trump,6445,1.62
Tennessee,Hickman,2698,4758,146,7602,Mitt Romney,2060,5695,1824,294,7813,Donald Trump,3871,2.78
Tennessee,Houston,1400,1579,48,3027,Mitt Romney,179,2182,866,120,3168,Donald Trump,1316,4.66
Tennessee,Humphreys,2905,3833,125,6863,Mitt Romney,928,4930,1967,256,7153,Donald Trump,2963,4.23
Tennessee,Jackson,1739,2383,62,4184,Mitt Romney,644,3236,1129,101,4466,Donald Trump,2107,6.74
Tennessee,Jefferson,4232,13038,289,17559,Mitt Romney,8806,14776,3494,802,19072,Donald Trump,11282,8.62
Tennessee,Johnson,1483,4611,100,6194,Mitt Romney,3128,5410,988,181,6579,Donald Trump,4422,6.22
Tennessee,Knox,59399,109707,3401,172507,Mitt Romney,50308,105767,62878,12052,180697,Donald Trump,42889,4.75
Tennessee,Lake,884,1163,40,2087,Mitt Romney,279,1357,577,36,1970,Donald Trump,780,-5.61
Tennessee,Lauderdale,4011,4616,62,8689,Mitt Romney,605,4884,3056,147,8087,Donald Trump,1828,-6.93
Tennessee,Lawrence,4237,10770,212,15219,Mitt Romney,6533,12420,2821,425,15666,Donald Trump,9599,2.94
Tennessee,Lewis,1447,3117,130,4694,Mitt Romney,1670,3585,890,147,4622,Donald Trump,2695,-1.53
Tennessee,Lincoln,3290,9803,175,13268,Mitt Romney,6513,10398,2554,396,13348,Donald Trump,7844,0.6
Tennessee,Loudon,5058,16707,308,22073,Mitt Romney,11649,17610,4919,862,23391,Donald Trump,12691,5.97
Tennessee,Macon,1552,5260,93,6905,Mitt Romney,3708,6263,1072,169,7504,Donald Trump,5191,8.67
Tennessee,Madison,18367,21993,342,40702,Mitt Romney,3626,21335,15448,1337,38120,Donald Trump,5887,-6.34
Tennessee,Marion,3953,6272,184,10409,Mitt Romney,2319,7696,2832,334,10862,Donald Trump,4864,4.35
Tennessee,Marshall,3725,6832,184,10741,Mitt Romney,3107,8184,2852,419,11455,Donald Trump,5332,6.65
Tennessee,Maury,11825,20708,473,33006,Mitt Romney,8883,23799,10038,1532,35369,Donald Trump,13761,7.16
Tennessee,McMinn,4609,12967,258,17834,Mitt Romney,8358,14691,3510,554,18755,Donald Trump,11181,5.16
Tennessee,McNairy,2645,7015,142,9802,Mitt Romney,4370,7841,1848,349,10038,Donald Trump,5993,2.41
Tennessee,Meigs,1163,2734,67,3964,Mitt Romney,1571,3342,856,122,4320,Donald Trump,2486,8.98
Tennessee,Monroe,4372,11731,235,16338,Mitt Romney,7359,13374,3186,533,17093,Donald Trump,10188,4.62
Tennessee,Montgomery,24499,30245,840,55584,Mitt Romney,5746,32341,21699,3580,57620,Donald Trump,10642,3.66
Tennessee,Moore,705,2053,41,2799,Mitt Romney,1348,2325,496,105,2926,Donald Trump,1829,4.54
Tennessee,Morgan,1725,4669,110,6504,Mitt Romney,2944,5441,1054,210,6705,Donald Trump,4387,3.09
Tennessee,Obion,3321,8814,162,12297,Mitt Romney,5493,9526,2426,297,12249,Donald Trump,7100,-0.39
Tennessee,Overton,2805,4775,84,7664,Mitt Romney,1970,6059,1945,225,8229,Donald Trump,4114,7.37
Tennessee,Perry,992,1578,51,2621,Mitt Romney,586,2167,597,91,2855,Donald Trump,1570,8.93
Tennessee,Pickett,712,1712,29,2453,Mitt Romney,1000,2021,536,58,2615,Donald Trump,1485,6.6
Tennessee,Polk,1856,4108,95,6059,Mitt Romney,2252,5097,1252,171,6520,Donald Trump,3845,7.61
Tennessee,Putnam,7802,17254,444,25500,Mitt Romney,9452,19002,6851,1359,27212,Donald Trump,12151,6.71
Tennessee,Rhea,2628,7802,160,10590,Mitt Romney,5174,8660,1942,460,11062,Donald Trump,6718,4.46
Tennessee,Roane,6018,14724,348,21090,Mitt Romney,8706,15880,4837,952,21669,Donald Trump,11043,2.75
Tennessee,Robertson,8290,17643,356,26289,Mitt Romney,9353,19410,6637,1066,27113,Donald Trump,12773,3.13
Tennessee,Rutherford,36414,60846,1588,98848,Mitt Romney,24432,64515,36706,6215,107436,Donald Trump,27809,8.69
Tennessee,Scott,1452,5117,99,6668,Mitt Romney,3665,6044,934,145,7123,Donald Trump,5110,6.82
Tennessee,Sequatchie,1489,3541,112,5142,Mitt Romney,2052,4441,1053,200,5694,Donald Trump,3388,10.74
Tennessee,Sevier,7418,25984,462,33864,Mitt Romney,18566,28629,6297,1386,36312,Donald Trump,22332,7.23
Tennessee,Shelby,232443,135649,3017,371109,Barack Obama,96794,116344,208992,12047,337383,Hillary Clinton,92648,-9.09
Tennessee,Smith,2470,4495,122,7087,Mitt Romney,2025,5494,1689,253,7436,Donald Trump,3805,4.92
Tennessee,Stewart,2069,2963,83,5115,Mitt Romney,894,3864,1222,213,5299,Donald Trump,2642,3.6
Tennessee,Sullivan,15321,43562,1004,59887,Mitt Romney,28241,46979,12578,2721,62278,Donald Trump,34401,3.99
Tennessee,Sumner,18579,46003,784,65366,Mitt Romney,27424,50129,18161,3215,71505,Donald Trump,31968,9.39
Tennessee,Tipton,7133,16672,276,24081,Mitt Romney,9539,16910,5785,786,23481,Donald Trump,11125,-2.49
Tennessee,Trousdale,1240,1612,53,2905,Mitt Romney,372,2103,946,111,3160,Donald Trump,1157,8.78
Tennessee,Unicoi,1913,5032,141,7086,Mitt Romney,3119,5671,1262,262,7195,Donald Trump,4409,1.54
Tennessee,Union,1478,4282,68,5828,Mitt Romney,2804,5053,1012,182,6247,Donald Trump,4041,7.19
Tennessee,Van Buren,875,1386,39,2300,Mitt Romney,511,1820,539,60,2419,Donald Trump,1281,5.17
Tennessee,Warren,4752,8010,253,13015,Mitt Romney,3258,9540,3535,537,13612,Donald Trump,6005,4.59
Tennessee,Washington,14325,32808,899,48032,Mitt Romney,18483,34252,13024,2474,49750,Donald Trump,21228,3.58
Tennessee,Wayne,1163,4253,70,5486,Mitt Romney,3090,5036,717,104,5857,Donald Trump,4319,6.76
Tennessee,Weakley,3548,8605,184,12337,Mitt Romney,5057,9008,2772,404,12184,Donald Trump,6236,-1.24
Tennessee,White,2795,6197,148,9140,Mitt Romney,3402,7671,1845,309,9825,Donald Trump,5826,7.49
Tennessee,Williamson,25142,69850,1233,96225,Mitt Romney,44708,68212,31013,7046,106271,Donald Trump,37199,10.44
Tennessee,Wilson,14695,36109,695,51499,Mitt Romney,21414,39406,14385,2943,56734,Donald Trump,25021,10.17
Texas,Anderson,3813,12262,137,16212,Mitt Romney,8449,13201,3369,407,16977,Donald Trump,9832,4.72
Texas,Andrews,795,3639,48,4482,Mitt Romney,2844,3927,836,180,4943,Donald Trump,3091,10.29
Texas,Angelina,7834,20303,269,28406,Mitt Romney,12469,21668,7538,705,29911,Donald Trump,14130,5.3
Texas,Aransas,2704,6830,114,9648,Mitt Romney,4126,7740,2465,307,10512,Donald Trump,5275,8.96
Texas,Archer,525,3600,39,4164,Mitt Romney,3075,3786,394,103,4283,Donald Trump,3392,2.86
Texas,Armstrong,98,828,9,935,Mitt Romney,730,924,70,27,1021,Donald Trump,854,9.2
Texas,Atascosa,5133,7461,127,12721,Mitt Romney,2328,8618,4651,404,13673,Donald Trump,3967,7.48
Texas,Austin,2252,9265,132,11649,Mitt Romney,7013,9637,2320,317,12274,Donald Trump,7317,5.37
Texas,Bailey,466,1339,11,1816,Mitt Romney,873,1344,397,52,1793,Donald Trump,947,-1.27
Texas,Bandera,1864,7426,158,9448,Mitt Romney,5562,8163,1726,329,10218,Donald Trump,6437,8.15
Texas,Bastrop,9864,14033,584,24481,Mitt Romney,4169,16328,10569,1557,28454,Donald Trump,5759,16.23
Texas,Baylor,267,1297,28,1592,Mitt Romney,1030,1267,191,41,1499,Donald Trump,1076,-5.84
Texas,Bee,3452,4356,71,7879,Mitt Romney,904,4744,3444,297,8485,Donald Trump,1300,7.69
Texas,Bell,35512,49574,1120,86206,Mitt Romney,14062,51998,37801,5195,94994,Donald Trump,14197,10.19
Texas,Bexar,264856,241617,7208,513681,Barack Obama,23239,240333,319550,29762,589645,Hillary Clinton,79217,14.79
Texas,Blanco,1220,3638,115,4973,Mitt Romney,2418,4212,1244,229,5685,Donald Trump,2968,14.32
Texas,Borden,32,324,7,363,Mitt Romney,292,330,31,4,365,Donald Trump,299,0.55
Texas,Bosque,1367,5885,104,7356,Mitt Romney,4518,6339,1278,221,7838,Donald Trump,5061,6.55
Texas,Bowie,10196,24869,339,35404,Mitt Romney,14673,24924,8838,840,34602,Donald Trump,16086,-2.27
Texas,Brazoria,34421,70862,1456,106739,Mitt Romney,36441,72791,43200,5190,121181,Donald Trump,29591,13.53
Texas,Brazos,17477,37209,1276,55962,Mitt Romney,19732,38738,23121,5352,67211,Donald Trump,15617,20.1
Texas,Brewster,1765,1976,126,3867,Mitt Romney,211,2077,1873,302,4252,Donald Trump,204,9.96
Texas,Briscoe,117,578,7,702,Mitt Romney,461,625,91,20,736,Donald Trump,534,4.84
Texas,Brooks,1886,507,10,2403,Barack Obama,1379,613,1937,46,2596,Hillary Clinton,1324,8.03
Texas,Brown,1904,11895,148,13947,Mitt Romney,9991,12017,1621,388,14026,Donald Trump,10396,0.57
Texas,Burleson,1705,4671,80,6456,Mitt Romney,2966,5316,1491,153,6960,Donald Trump,3825,7.81
Texas,Burnet,3674,12843,279,16796,Mitt Romney,9169,14638,3797,769,19204,Donald Trump,10841,14.34
Texas,Caldwell,4791,6021,256,11068,Mitt Romney,1230,6691,4795,606,12092,Donald Trump,1896,9.25
Texas,Calhoun,2410,4144,94,6648,Mitt Romney,1734,4638,2118,209,6965,Donald Trump,2520,4.77
Texas,Callahan,751,4378,68,5197,Mitt Romney,3627,4865,569,145,5579,Donald Trump,4296,7.35
Texas,Cameron,49975,26099,821,76895,Barack Obama,23876,29472,59402,3205,92079,Hillary Clinton,29930,19.75
Texas,Camp,1428,2881,26,4335,Mitt Romney,1453,3201,1260,81,4542,Donald Trump,1941,4.78
Texas,Carson,292,2451,35,2778,Mitt Romney,2159,2620,249,95,2964,Donald Trump,2371,6.7
Texas,Cass,2924,8763,101,11788,Mitt Romney,5839,9726,2391,227,12344,Donald Trump,7335,4.72
Texas,Castro,630,1470,19,2119,Mitt Romney,840,1414,526,57,1997,Donald Trump,888,-5.76
Texas,Chambers,2790,11787,158,14735,Mitt Romney,8997,13339,2948,499,16786,Donald Trump,10391,13.92
Texas,Cherokee,3875,12094,157,16126,Mitt Romney,8219,12919,3469,402,16790,Donald Trump,9450,4.12
Texas,Childress,320,1665,11,1996,Mitt Romney,1345,1802,253,29,2084,Donald Trump,1549,4.41
Texas,Clay,740,4266,51,5057,Mitt Romney,3526,4377,536,105,5018,Donald Trump,3841,-0.77
Texas,Cochran,256,649,12,917,Mitt Romney,393,679,190,32,901,Donald Trump,489,-1.74
Texas,Coke,179,1218,11,1408,Mitt Romney,1039,1265,140,18,1423,Donald Trump,1125,1.07
Texas,Coleman,442,3012,38,3492,Mitt Romney,2570,3177,388,78,3643,Donald Trump,2789,4.32
Texas,Collin,101415,196888,4518,302821,Mitt Romney,95473,201014,140624,19781,361419,Donald Trump,60390,19.35
Texas,Collingsworth,177,962,11,1150,Mitt Romney,785,983,145,28,1156,Donald Trump,838,0.52
Texas,Colorado,2029,6026,62,8117,Mitt Romney,3997,6325,1987,201,8513,Donald Trump,4338,4.88
Texas,Comal,11450,39318,761,51529,Mitt Romney,27868,45136,14238,2804,62178,Donald Trump,30898,20.67
Texas,Comanche,890,3944,72,4906,Mitt Romney,3054,4333,789,115,5237,Donald Trump,3544,6.75
Texas,Concho,194,793,14,1001,Mitt Romney,599,885,148,35,1068,Donald Trump,737,6.69
Texas,Cooke,2246,11951,154,14351,Mitt Romney,9705,13181,2352,422,15955,Donald Trump,10829,11.18
Texas,Coryell,5158,11220,226,16604,Mitt Romney,6062,12225,5064,964,18253,Donald Trump,7161,9.93
Texas,Cottle,180,555,6,741,Mitt Romney,375,506,92,14,612,Donald Trump,414,-17.41
Texas,Crane,275,985,23,1283,Mitt Romney,710,1049,299,36,1384,Donald Trump,750,7.87
Texas,Crockett,480,957,20,1457,Mitt Romney,477,980,372,43,1395,Donald Trump,608,-4.26
Texas,Crosby,639,1132,16,1787,Mitt Romney,493,1181,468,79,1728,Donald Trump,713,-3.3
Texas,Culberson,568,295,16,879,Barack Obama,273,280,454,33,767,Hillary Clinton,174,-12.74
Texas,Dallam,253,1248,33,1534,Mitt Romney,995,1261,222,61,1544,Donald Trump,1039,0.65
Texas,Dallas,405571,295813,8733,710117,Barack Obama,109758,262945,461080,34948,758973,Hillary Clinton,198135,6.88
Texas,Dawson,1019,2591,32,3642,Mitt Romney,1572,2636,835,92,3563,Donald Trump,1801,-2.17
Texas,Deaf Smith,1239,3042,28,4309,Mitt Romney,1803,2911,1185,120,4216,Donald Trump,1726,-2.16
Texas,Delta,454,1524,40,2018,Mitt Romney,1070,1836,400,45,2281,Donald Trump,1436,13.03
Texas,Denton,80978,157579,4224,242781,Mitt Romney,76601,170603,110890,17152,298645,Donald Trump,59713,23.01
Texas,Dewitt,1467,5122,49,6638,Mitt Romney,3655,5519,1163,162,6844,Donald Trump,4356,3.1
Texas,Dickens,216,793,10,1019,Mitt Romney,577,755,128,26,909,Donald Trump,627,-10.79
Texas,Dimmit,2141,762,14,2917,Barack Obama,1379,974,2173,78,3225,Hillary Clinton,1199,10.56
Texas,Donley,226,1287,22,1535,Mitt Romney,1061,1225,191,49,1465,Donald Trump,1034,-4.56
Texas,Duval,3331,980,33,4344,Barack Obama,2351,1316,2783,69,4168,Hillary Clinton,1467,-4.05
Texas,Eastland,970,5444,81,6495,Mitt Romney,4474,6011,776,176,6963,Donald Trump,5235,7.21
Texas,Ector,8118,24010,385,32513,Mitt Romney,15892,25020,10249,1261,36530,Donald Trump,14771,12.36
Texas,Edwards,232,642,10,884,Mitt Romney,410,746,303,24,1073,Donald Trump,443,21.38
Texas,El Paso,112952,57150,2310,172412,Barack Obama,55802,55512,147843,10653,214008,Hillary Clinton,92331,24.13
Texas,Ellis,13881,39574,696,54151,Mitt Romney,25693,44941,16253,2479,63673,Donald Trump,28688,17.58
Texas,Erath,1965,10329,179,12473,Mitt Romney,8364,11210,2160,523,13893,Donald Trump,9050,11.38
Texas,Falls,2033,3356,45,5434,Mitt Romney,1323,3441,1684,123,5248,Donald Trump,1757,-3.42
Texas,Fannin,2486,8161,157,10804,Mitt Romney,5675,9548,2132,364,12044,Donald Trump,7416,11.48
Texas,Fayette,2315,8106,130,10551,Mitt Romney,5791,8743,2144,287,11174,Donald Trump,6599,5.9
Texas,Fisher,512,1094,23,1629,Mitt Romney,582,1265,403,61,1729,Donald Trump,862,6.14
Texas,Floyd,551,1523,11,2085,Mitt Romney,972,1474,435,50,1959,Donald Trump,1039,-6.04
Texas,Foard,140,348,7,495,Mitt Romney,208,383,113,17,513,Donald Trump,270,3.64
Texas,Fort Bend,101144,116126,2219,219489,Mitt Romney,14982,117291,134686,10089,262066,Hillary Clinton,17395,19.4
Texas,Franklin,751,3446,60,4257,Mitt Romney,2695,3585,665,130,4380,Donald Trump,2920,2.89
Texas,Freestone,1850,5646,74,7570,Mitt Romney,3796,6026,1471,187,7684,Donald Trump,4555,1.51
Texas,Frio,2376,1559,33,3968,Barack Obama,817,1856,2444,100,4400,Hillary Clinton,588,10.89
Texas,Gaines,535,3484,47,4066,Mitt Romney,2949,3907,597,116,4620,Donald Trump,3310,13.63
Texas,Galveston,39511,69059,1508,110078,Mitt Romney,29548,73757,43658,5488,122903,Donald Trump,30099,11.65
Texas,Garza,279,1263,18,1560,Mitt Romney,984,1225,230,29,1484,Donald Trump,995,-4.87
Texas,Gillespie,2055,10306,189,12550,Mitt Romney,8251,10446,2288,480,13214,Donald Trump,8158,5.29
Texas,Glasscock,44,526,8,578,Mitt Romney,482,553,34,17,604,Donald Trump,519,4.5
Texas,Goliad,1127,2294,37,3458,Mitt Romney,1167,2620,973,115,3708,Donald Trump,1647,7.23
Texas,Gonzales,1777,4216,64,6057,Mitt Romney,2439,4587,1571,176,6334,Donald Trump,3016,4.57
Texas,Gray,886,6443,60,7389,Mitt Romney,5557,6500,701,204,7405,Donald Trump,5799,0.22
Texas,Grayson,10670,30936,658,42264,Mitt Romney,20266,35325,10301,1790,47416,Donald Trump,25024,12.19
Texas,Gregg,12398,28742,367,41507,Mitt Romney,16344,28764,11677,1308,41749,Donald Trump,17087,0.58
Texas,Grimes,2339,6141,121,8601,Mitt Romney,3802,7065,2194,274,9533,Donald Trump,4871,10.84
Texas,Guadalupe,15744,33117,653,49514,Mitt Romney,17373,36632,18391,2799,57822,Donald Trump,18241,16.78
Texas,Hale,2243,6490,121,8854,Mitt Romney,4247,6366,2101,391,8858,Donald Trump,4265,0.05
Texas,Hall,265,832,12,1109,Mitt Romney,567,893,164,34,1091,Donald Trump,729,-1.62
Texas,Hamilton,591,2918,43,3552,Mitt Romney,2327,3060,479,81,3620,Donald Trump,2581,1.91
Texas,Hansford,159,1788,15,1962,Mitt Romney,1629,1730,171,46,1947,Donald Trump,1559,-0.76
Texas,Hardeman,302,1176,17,1495,Mitt Romney,874,1207,249,57,1513,Donald Trump,958,1.2
Texas,Hardin,3359,17746,192,21297,Mitt Romney,14387,19606,2780,394,22780,Donald Trump,16826,6.96
Texas,Harris,587044,586073,15468,1188585,Barack Obama,971,545955,707914,58243,1312112,Hillary Clinton,161959,10.39
Texas,Harrison,8456,17512,202,26170,Mitt Romney,9056,18749,7151,648,26548,Donald Trump,11598,1.44
Texas,Hartley,184,1708,21,1913,Mitt Romney,1524,1730,173,49,1952,Donald Trump,1557,2.04
Texas,Haskell,553,1424,36,2013,Mitt Romney,871,1403,314,53,1770,Donald Trump,1089,-12.07
Texas,Hays,25537,31661,1813,59011,Mitt Romney,6124,33826,33224,5114,72164,Donald Trump,602,22.29
Texas,Hemphill,192,1298,19,1509,Mitt Romney,1106,1462,181,52,1695,Donald Trump,1281,12.33
Texas,Henderson,6106,21231,290,27627,Mitt Romney,15125,23650,5669,726,30045,Donald Trump,17981,8.75
Texas,Hidalgo,97969,39865,1325,139159,Barack Obama,58104,48642,118809,5986,173437,Hillary Clinton,70167,24.63
Texas,Hill,2752,9132,161,12045,Mitt Romney,6380,10108,2547,315,12970,Donald Trump,7561,7.68
Texas,Hockley,1486,5546,102,7134,Mitt Romney,4060,5809,1260,242,7311,Donald Trump,4549,2.48
Texas,Hood,3843,18409,283,22535,Mitt Romney,14566,21382,4008,872,26262,Donald Trump,17374,16.54
Texas,Hopkins,2777,9836,140,12753,Mitt Romney,7059,10707,2510,321,13538,Donald Trump,8197,6.16
Texas,Houston,2265,5880,69,8214,Mitt Romney,3615,6205,1978,170,8353,Donald Trump,4227,1.69
Texas,Howard,2110,6453,132,8695,Mitt Romney,4343,6637,1770,316,8723,Donald Trump,4867,0.32
Texas,Hudspeth,379,471,13,863,Mitt Romney,92,503,324,44,871,Donald Trump,179,0.93
Texas,Hunt,6671,21011,367,28049,Mitt Romney,14340,23910,6396,1248,31554,Donald Trump,17514,12.5
Texas,Hutchinson,1045,6804,79,7928,Mitt Romney,5759,7042,854,259,8155,Donald Trump,6188,2.86
Texas,Irion,112,668,8,788,Mitt Romney,556,660,90,16,766,Donald Trump,570,-2.79
Texas,Jack,303,2580,25,2908,Mitt Romney,2277,2973,314,63,3350,Donald Trump,2659,15.2
Texas,Jackson,1070,3906,49,5025,Mitt Romney,2836,4266,904,132,5302,Donald Trump,3362,5.51
Texas,Jasper,3423,9957,137,13517,Mitt Romney,6534,10609,2590,220,13419,Donald Trump,8019,-0.73
Texas,Jeff Davis,440,719,33,1192,Mitt Romney,279,695,422,74,1191,Donald Trump,273,-0.08
Texas,Jefferson,44668,43242,717,88627,Barack Obama,1426,42862,42443,2313,87618,Donald Trump,419,-1.14
Texas,Jim Hogg,1301,356,10,1667,Barack Obama,945,430,1635,54,2119,Hillary Clinton,1205,27.11
Texas,Jim Wells,6492,4598,76,11166,Barack Obama,1894,5420,6694,265,12379,Hillary Clinton,1274,10.86
Texas,Johnson,10496,37661,681,48838,Mitt Romney,27165,44382,10988,2236,57606,Donald Trump,33394,17.95
Texas,Jones,1226,4262,79,5567,Mitt Romney,3036,4819,936,205,5960,Donald Trump,3883,7.06
Texas,Karnes,1325,2825,35,4185,Mitt Romney,1500,2965,1145,88,4198,Donald Trump,1820,0.31
Texas,Kaufman,9472,24846,352,34670,Mitt Romney,15374,29587,10278,1400,41265,Donald Trump,19309,19.02
Texas,Kendall,3043,14508,232,17783,Mitt Romney,11465,15700,3643,777,20120,Donald Trump,12057,13.14
Texas,Kenedy,82,84,1,167,Mitt Romney,2,84,99,3,186,Hillary Clinton,15,11.38
Texas,Kent,66,335,4,405,Mitt Romney,269,360,59,15,434,Donald Trump,301,7.16
Texas,Kerr,4338,17274,267,21879,Mitt Romney,12936,17727,4681,889,23297,Donald Trump,13046,6.48
Texas,Kimble,217,1667,8,1892,Mitt Romney,1450,1697,206,49,1952,Donald Trump,1491,3.17
Texas,King,5,139,1,145,Mitt Romney,134,149,5,5,159,Donald Trump,144,9.66
Texas,Kinney,522,880,23,1425,Mitt Romney,358,936,458,36,1430,Donald Trump,478,0.35
Texas,Kleberg,4754,4058,95,8907,Barack Obama,696,4367,4716,429,9512,Hillary Clinton,349,6.79
Texas,Knox,332,1160,18,1510,Mitt Romney,828,1078,247,42,1367,Donald Trump,831,-9.47
Texas,La Salle,965,669,12,1646,Barack Obama,296,872,1129,58,2059,Hillary Clinton,257,25.09
Texas,Lamar,4181,12826,190,17197,Mitt Romney,8645,14561,3583,467,18611,Donald Trump,10978,8.22
Texas,Lamb,998,3058,35,4091,Mitt Romney,2060,3111,771,113,3995,Donald Trump,2340,-2.35
Texas,Lampasas,1479,5621,104,7204,Mitt Romney,4142,6385,1483,337,8205,Donald Trump,4902,13.9
Texas,Lavaca,1428,6796,70,8294,Mitt Romney,5368,7347,1170,144,8661,Donald Trump,6177,4.42
Texas,Lee,1632,4507,82,6221,Mitt Romney,2875,4997,1372,166,6535,Donald Trump,3625,5.05
Texas,Leon,1062,5814,69,6945,Mitt Romney,4752,6391,909,139,7439,Donald Trump,5482,7.11
Texas,Liberty,5202,17323,221,22746,Mitt Romney,12121,18892,4862,513,24267,Donald Trump,14030,6.69
Texas,Limestone,2208,5288,67,7563,Mitt Romney,3080,5796,1778,165,7739,Donald Trump,4018,2.33
Texas,Lipscomb,119,1044,5,1168,Mitt Romney,925,1159,135,38,1332,Donald Trump,1024,14.04
Texas,Live Oak,919,3154,40,4113,Mitt Romney,2235,3464,742,96,4302,Donald Trump,2722,4.6
Texas,Llano,1822,7610,126,9558,Mitt Romney,5788,8299,1825,323,10447,Donald Trump,6474,9.3
Texas,Loving,9,54,1,64,Mitt Romney,45,58,4,3,65,Donald Trump,54,1.56
Texas,Lubbock,26271,63469,1444,91184,Mitt Romney,37198,65651,28023,5339,99013,Donald Trump,37628,8.59
Texas,Lynn,506,1439,14,1959,Mitt Romney,933,1546,403,60,2009,Donald Trump,1143,2.55
Texas,Madison,967,3028,33,4028,Mitt Romney,2061,3351,881,57,4289,Donald Trump,2470,6.48
Texas,Marion,1495,2733,54,4282,Mitt Romney,1238,2983,1165,90,4238,Donald Trump,1818,-1.03
Texas,Martin,248,1368,8,1624,Mitt Romney,1120,1455,266,41,1762,Donald Trump,1189,8.5
Texas,Mason,380,1565,23,1968,Mitt Romney,1185,1656,354,47,2057,Donald Trump,1302,4.52
Texas,Matagorda,3980,8040,113,12133,Mitt Romney,4060,8366,3500,330,12196,Donald Trump,4866,0.52
Texas,Maverick,8303,2171,89,10563,Barack Obama,6132,2816,10397,375,13588,Hillary Clinton,7581,28.64
Texas,McCulloch,537,2419,37,2993,Mitt Romney,1882,2552,482,69,3103,Donald Trump,2070,3.68
Texas,McLennan,25694,47903,944,74541,Mitt Romney,22209,48260,27063,3752,79075,Donald Trump,21197,6.08
Texas,McMullen,67,431,5,503,Mitt Romney,364,454,40,5,499,Donald Trump,414,-0.8
Texas,Medina,4784,11079,186,16049,Mitt Romney,6295,12085,4634,527,17246,Donald Trump,7451,7.46
Texas,Menard,171,665,13,849,Mitt Romney,494,682,154,28,864,Donald Trump,528,1.77
Texas,Midland,8286,35689,622,44597,Mitt Romney,27403,36973,10025,2214,49212,Donald Trump,26948,10.35
Texas,Milam,2636,5481,113,8230,Mitt Romney,2845,6364,2051,249,8664,Donald Trump,4313,5.27
Texas,Mills,279,1882,40,2201,Mitt Romney,1603,1951,243,51,2245,Donald Trump,1708,2
Texas,Mitchell,538,1756,22,2316,Mitt Romney,1218,1780,354,62,2196,Donald Trump,1426,-5.18
Texas,Montague,1116,6549,86,7751,Mitt Romney,5433,7526,885,193,8604,Donald Trump,6641,11.01
Texas,Montgomery,32920,137969,2224,173113,Mitt Romney,105049,150314,45835,8483,204632,Donald Trump,104479,18.21
Texas,Moore,964,3968,53,4985,Mitt Romney,3004,3977,1098,209,5284,Donald Trump,2879,6
Texas,Morris,1858,3232,49,5139,Mitt Romney,1374,3446,1425,102,4973,Donald Trump,2021,-3.23
Texas,Motley,55,538,7,600,Mitt Romney,483,566,40,9,615,Donald Trump,526,2.5
Texas,Nacogdoches,6465,13925,263,20653,Mitt Romney,7460,14771,6846,1005,22622,Donald Trump,7925,9.53
Texas,Navarro,4350,10847,167,15364,Mitt Romney,6497,11994,4002,437,16433,Donald Trump,7992,6.96
Texas,Newton,1677,4112,80,5869,Mitt Romney,2435,4288,1156,90,5534,Donald Trump,3132,-5.71
Texas,Nolan,1216,3282,77,4575,Mitt Romney,2066,3552,1029,276,4857,Donald Trump,2523,6.16
Texas,Nueces,45772,48966,1366,96104,Mitt Romney,3194,50766,49198,4441,104405,Donald Trump,1568,8.64
Texas,Ochiltree,253,2719,21,2993,Mitt Romney,2466,2628,274,100,3002,Donald Trump,2354,0.3
Texas,Oldham,71,790,8,869,Mitt Romney,719,850,78,20,948,Donald Trump,772,9.09
Texas,Orange,6800,23366,352,30518,Mitt Romney,16566,25513,5735,752,32000,Donald Trump,19778,4.86
Texas,Palo Pinto,1811,7393,133,9337,Mitt Romney,5582,8284,1708,278,10270,Donald Trump,6576,9.99
Texas,Panola,2211,7950,69,10230,Mitt Romney,5739,8445,1835,136,10416,Donald Trump,6610,1.82
Texas,Parker,7853,39243,598,47694,Mitt Romney,31390,46473,8344,2000,56817,Donald Trump,38129,19.13
Texas,Parmer,529,2011,14,2554,Mitt Romney,1482,1915,485,66,2466,Donald Trump,1430,-3.45
Texas,Pecos,1591,2512,47,4150,Mitt Romney,921,2468,1554,163,4185,Donald Trump,914,0.84
Texas,Polk,4859,14071,204,19134,Mitt Romney,9212,15176,4187,489,19852,Donald Trump,10989,3.75
Texas,Potter,7126,18918,406,26450,Mitt Romney,11792,19630,7657,1364,28651,Donald Trump,11973,8.32
Texas,Presidio,1282,504,31,1817,Barack Obama,778,652,1458,98,2208,Hillary Clinton,806,21.52
Texas,Rains,761,3279,47,4087,Mitt Romney,2518,3968,628,105,4701,Donald Trump,3340,15.02
Texas,Randall,7574,41447,675,49696,Mitt Romney,33873,43462,8367,2476,54305,Donald Trump,35095,9.27
Texas,Reagan,158,676,9,843,Mitt Romney,518,709,167,28,904,Donald Trump,542,7.24
Texas,Real,277,1236,22,1535,Mitt Romney,959,1382,262,37,1681,Donald Trump,1120,9.51
Texas,Red River,1482,3549,43,5074,Mitt Romney,2067,3926,1149,86,5161,Donald Trump,2777,1.71
Texas,Reeves,1655,1188,34,2877,Barack Obama,467,1417,1659,108,3184,Hillary Clinton,242,10.67
Texas,Refugio,998,1663,16,2677,Mitt Romney,665,1830,1034,84,2948,Donald Trump,796,10.12
Texas,Roberts,33,468,7,508,Mitt Romney,435,524,20,10,554,Donald Trump,504,9.06
Texas,Robertson,2798,4419,70,7287,Mitt Romney,1621,4668,2203,164,7035,Donald Trump,2465,-3.46
Texas,Rockwall,8120,27113,445,35678,Mitt Romney,18993,28451,9655,1842,39948,Donald Trump,18796,11.97
Texas,Runnels,519,3104,45,3668,Mitt Romney,2585,3250,453,79,3782,Donald Trump,2797,3.11
Texas,Rusk,4451,13924,171,18546,Mitt Romney,9473,14675,3935,384,18994,Donald Trump,10740,2.42
Texas,Sabine,807,3727,44,4578,Mitt Romney,2920,3998,614,39,4651,Donald Trump,3384,1.59
Texas,San Augustine,1193,2469,28,3690,Mitt Romney,1276,2622,910,37,3569,Donald Trump,1712,-3.28
Texas,San Jacinto,2410,7107,99,9616,Mitt Romney,4697,8059,2038,246,10343,Donald Trump,6021,7.56
Texas,San Patricio,7856,12005,217,20078,Mitt Romney,4149,13030,7871,755,21656,Donald Trump,5159,7.86
Texas,San Saba,323,1905,31,2259,Mitt Romney,1582,2025,293,39,2357,Donald Trump,1732,4.34
Texas,Schleicher,221,787,9,1017,Mitt Romney,566,821,208,30,1059,Donald Trump,613,4.13
Texas,Scurry,838,4124,65,5027,Mitt Romney,3286,4410,733,146,5289,Donald Trump,3677,5.21
Texas,Shackelford,131,1218,14,1363,Mitt Romney,1087,1378,103,23,1504,Donald Trump,1275,10.34
Texas,Shelby,2322,6879,83,9284,Mitt Romney,4557,7179,1758,149,9086,Donald Trump,5421,-2.13
Texas,Sherman,121,908,9,1038,Mitt Romney,787,807,96,32,935,Donald Trump,711,-9.92
Texas,Smith,21456,57331,814,79601,Mitt Romney,35875,58930,22300,3538,84768,Donald Trump,36630,6.49
Texas,Somervell,613,2871,54,3538,Mitt Romney,2258,3206,541,150,3897,Donald Trump,2665,10.15
Texas,Starr,10260,1547,76,11883,Barack Obama,8713,2224,9289,227,11740,Hillary Clinton,7065,-1.2
Texas,Stephens,475,2892,45,3412,Mitt Romney,2417,3034,348,79,3461,Donald Trump,2686,1.44
Texas,Sterling,31,459,4,494,Mitt Romney,428,549,70,14,633,Donald Trump,479,28.14
Texas,Stonewall,160,507,8,675,Mitt Romney,347,555,135,11,701,Donald Trump,420,3.85
Texas,Sutton,369,1110,10,1489,Mitt Romney,741,1075,313,28,1416,Donald Trump,762,-4.9
Texas,Swisher,579,1655,36,2270,Mitt Romney,1076,1671,462,71,2204,Donald Trump,1209,-2.91
Texas,Tarrant,253071,348920,8899,610890,Mitt Romney,95849,345921,288392,34201,668514,Donald Trump,57529,9.43
Texas,Taylor,9750,32904,609,43263,Mitt Romney,23154,33250,10085,2424,45759,Donald Trump,23165,5.77
Texas,Terrell,184,358,13,555,Mitt Romney,174,288,140,10,438,Donald Trump,148,-21.08
Texas,Terry,1059,2602,48,3709,Mitt Romney,1543,2459,753,143,3355,Donald Trump,1706,-9.54
Texas,Throckmorton,109,700,4,813,Mitt Romney,591,715,84,9,808,Donald Trump,631,-0.62
Texas,Titus,2648,6084,122,8854,Mitt Romney,3436,6511,2597,311,9419,Donald Trump,3914,6.38
Texas,Tom Green,9294,26878,548,36720,Mitt Romney,17584,27494,9173,1812,38479,Donald Trump,18321,4.79
Texas,Travis,232788,140152,14117,387057,Barack Obama,92636,127209,308260,33251,468720,Hillary Clinton,181051,21.1
Texas,Trinity,1614,4537,84,6235,Mitt Romney,2923,4737,1154,94,5985,Donald Trump,3583,-4.01
Texas,Tyler,1668,5910,76,7654,Mitt Romney,4242,6624,1248,144,8016,Donald Trump,5376,4.73
Texas,Upshur,2971,12015,152,15138,Mitt Romney,9044,13209,2380,424,16013,Donald Trump,10829,5.78
Texas,Upton,333,953,14,1300,Mitt Romney,620,1007,286,54,1347,Donald Trump,721,3.62
Texas,Uvalde,3825,4529,81,8435,Mitt Romney,704,4835,3867,262,8964,Donald Trump,968,6.27
Texas,Val Verde,6285,5635,161,12081,Barack Obama,650,5890,6964,763,13617,Hillary Clinton,1074,12.71
Texas,Van Zandt,3084,15794,222,19100,Mitt Romney,12710,18473,2799,618,21890,Donald Trump,15674,14.61
Texas,Victoria,8802,19692,359,28853,Mitt Romney,10890,21275,8866,982,31123,Donald Trump,12409,7.87
Texas,Walker,6252,12140,293,18685,Mitt Romney,5888,12884,6091,821,19796,Donald Trump,6793,5.95
Texas,Waller,6514,9244,144,15902,Mitt Romney,2730,10531,5748,505,16784,Donald Trump,4783,5.55
Texas,Ward,841,2366,38,3245,Mitt Romney,1525,2547,783,115,3445,Donald Trump,1764,6.16
Texas,Washington,3381,10857,159,14397,Mitt Romney,7476,10945,3382,501,14828,Donald Trump,7563,2.99
Texas,Webb,37597,11078,435,49110,Barack Obama,26519,12947,42307,1651,56905,Hillary Clinton,29360,15.87
Texas,Wharton,4235,9750,102,14087,Mitt Romney,5515,10149,4238,345,14732,Donald Trump,5911,4.58
Texas,Wheeler,232,1878,18,2128,Mitt Romney,1646,2087,194,25,2306,Donald Trump,1893,8.36
Texas,Wichita,10525,29812,681,41018,Mitt Romney,19287,27631,8770,1718,38119,Donald Trump,18861,-7.07
Texas,Wilbarger,971,2956,53,3980,Mitt Romney,1985,3166,809,130,4105,Donald Trump,2357,3.14
Texas,Willacy,3600,1416,48,5064,Barack Obama,2184,1547,3422,126,5095,Hillary Clinton,1875,0.61
Texas,Williamson,61875,97006,4390,163271,Mitt Romney,35131,104175,84468,14438,203081,Donald Trump,19707,24.38
Texas,Wilson,4821,12218,166,17205,Mitt Romney,7397,13998,4790,644,19432,Donald Trump,9208,12.94
Texas,Winkler,398,1311,16,1725,Mitt Romney,913,1403,420,53,1876,Donald Trump,983,8.75
Texas,Wise,3221,17207,317,20745,Mitt Romney,13986,20670,3412,694,24776,Donald Trump,17258,19.43
Texas,Wood,3056,14351,174,17581,Mitt Romney,11295,15700,2630,397,18727,Donald Trump,13070,6.52
Texas,Yoakum,409,1698,21,2128,Mitt Romney,1289,1797,426,80,2303,Donald Trump,1371,8.22
Texas,Young,992,6225,99,7316,Mitt Romney,5233,6601,876,230,7707,Donald Trump,5725,5.34
Texas,Zapata,2527,997,19,3543,Barack Obama,1530,1029,2063,50,3142,Hillary Clinton,1034,-11.32
Texas,Zavala,3042,574,37,3653,Barack Obama,2468,694,2636,66,3396,Hillary Clinton,1942,-7.04
Utah,Beaver,346,2174,40,2560,Mitt Romney,1828,1838,264,389,2491,Donald Trump,1574,-2.7
Utah,Box Elder,1984,17101,323,19408,Mitt Romney,15117,12230,2282,5223,19735,Donald Trump,9948,1.68
Utah,Cache,6244,35039,1010,42293,Mitt Romney,28795,21139,8563,16455,46157,Donald Trump,12576,9.14
Utah,Carbon,2275,5090,202,7567,Mitt Romney,2815,5275,1717,960,7952,Donald Trump,3558,5.09
Utah,Daggett,94,406,20,520,Mitt Romney,312,331,77,66,474,Donald Trump,254,-8.85
Utah,Davis,21889,96861,2319,121069,Mitt Romney,74972,62219,28776,47416,138411,Donald Trump,33443,14.32
Utah,Duchesne,581,5698,100,6379,Mitt Romney,5117,5508,500,934,6942,Donald Trump,5008,8.83
Utah,Emery,569,3777,103,4449,Mitt Romney,3208,3425,380,484,4289,Donald Trump,3045,-3.6
Utah,Garfield,308,1832,42,2182,Mitt Romney,1524,1606,358,380,2344,Donald Trump,1248,7.42
Utah,Grand,1727,1996,227,3950,Mitt Romney,269,1975,1960,598,4533,Donald Trump,15,14.76
Utah,Iron,2148,14200,353,16701,Mitt Romney,12052,11561,2450,3643,17654,Donald Trump,9111,5.71
Utah,Juab,451,3448,73,3972,Mitt Romney,2997,2827,442,908,4177,Donald Trump,2385,5.16
Utah,Kane,744,2522,105,3371,Mitt Romney,1778,2265,741,499,3505,Donald Trump,1524,3.98
Utah,Millard,431,4478,117,5026,Mitt Romney,4047,3860,431,951,5242,Donald Trump,3429,4.3
Utah,Morgan,403,4114,80,4597,Mitt Romney,3711,3188,577,1427,5192,Donald Trump,2611,12.94
Utah,Piute,74,697,11,782,Mitt Romney,623,626,47,56,729,Donald Trump,579,-6.78
Utah,Rich,83,915,9,1007,Mitt Romney,832,797,104,208,1109,Donald Trump,693,10.13
Utah,Salt Lake,146147,223811,11841,381799,Mitt Romney,77664,138043,175863,104962,418868,Hillary Clinton,37820,9.71
Utah,San Juan,2139,3074,94,5307,Mitt Romney,935,2645,2042,760,5447,Donald Trump,603,2.64
Utah,Sanpete,980,8406,161,9547,Mitt Romney,7426,6673,1061,2430,10164,Donald Trump,5612,6.46
Utah,Sevier,738,7207,124,8069,Mitt Romney,6469,6740,695,1219,8654,Donald Trump,6045,7.25
Utah,Summit,8072,8884,532,17488,Mitt Romney,812,7333,10503,2805,20641,Hillary Clinton,3170,18.03
Utah,Tooele,4524,14268,469,19261,Mitt Romney,9744,11169,4573,6087,21829,Donald Trump,6596,13.33
Utah,Uintah,997,10421,165,11583,Mitt Romney,9424,9810,995,1992,12797,Donald Trump,8815,10.48
Utah,Utah,17281,156950,3482,177713,Mitt Romney,139669,102182,28522,70847,201551,Donald Trump,73660,13.41
Utah,Wasatch,2191,7220,178,9589,Mitt Romney,5029,6115,3063,2942,12120,Donald Trump,3052,26.39
Utah,Washington,8337,44698,977,54012,Mitt Romney,36361,42650,10288,9025,61963,Donald Trump,32362,14.72
Utah,Wayne,215,1089,23,1327,Mitt Romney,874,966,271,184,1421,Donald Trump,695,7.08
Utah,Weber,19841,54224,1847,75912,Mitt Romney,34383,40235,23131,21673,85039,Donald Trump,17104,12.02
Vermont,Addison,12257,5203,450,17910,Barack Obama,7054,5297,11219,2515,19031,Hillary Clinton,5922,6.26
Vermont,Bennington,11514,5687,392,17593,Barack Obama,5827,5925,9539,1917,17381,Hillary Clinton,3614,-1.21
Vermont,Caledonia,8192,5088,381,13661,Barack Obama,3104,5534,6445,2096,14075,Hillary Clinton,911,3.03
Vermont,Chittenden,53626,21571,1883,77080,Barack Obama,32055,18601,54814,10003,83418,Hillary Clinton,36213,8.22
Vermont,Essex,1539,1164,95,2798,Barack Obama,375,1506,1019,400,2925,Donald Trump,487,4.54
Vermont,Franklin,12057,7405,426,19888,Barack Obama,4652,8752,9351,3308,21411,Hillary Clinton,599,7.66
Vermont,Grand Isle,2531,1471,73,4075,Barack Obama,1060,1487,2094,529,4110,Hillary Clinton,607,0.86
Vermont,Lamoille,8371,3342,275,11988,Barack Obama,5029,3570,7241,1951,12762,Hillary Clinton,3671,6.46
Vermont,Orange,9076,4588,389,14053,Barack Obama,4488,5007,7541,2101,14649,Hillary Clinton,2534,4.24
Vermont,Orleans,7117,4306,269,11692,Barack Obama,2811,5159,5185,1703,12047,Hillary Clinton,26,3.04
Vermont,Rutland,17088,10835,686,28609,Barack Obama,6253,12479,13635,3505,29619,Hillary Clinton,1156,3.53
Vermont,Washington,20351,8093,863,29307,Barack Obama,12258,7993,18594,4499,31086,Hillary Clinton,10601,6.07
Vermont,Windham,16026,5347,564,21937,Barack Obama,10679,5454,14340,2841,22635,Hillary Clinton,8886,3.18
Vermont,Windsor,19494,8598,607,28699,Barack Obama,10896,8605,17556,3767,29928,Hillary Clinton,8951,4.28
Virginia,Accomack,7655,8213,183,16051,Mitt Romney,558,8583,6740,495,15818,Donald Trump,1843,-1.45
Virginia,Albemarle,29757,23297,853,53907,Barack Obama,6460,19259,33345,4122,56726,Hillary Clinton,14086,5.23
Virginia,Alexandria,52199,20249,963,73411,Barack Obama,31950,13285,57242,5243,75770,Hillary Clinton,43957,3.21
Virginia,Alleghany,3403,3595,175,7173,Mitt Romney,192,4874,2166,285,7325,Donald Trump,2708,2.12
Virginia,Amelia,2490,4331,94,6915,Mitt Romney,1841,4708,2128,204,7040,Donald Trump,2580,1.81
Virginia,Amherst,5900,8876,194,14970,Mitt Romney,2976,9719,5057,620,15396,Donald Trump,4662,2.85
Virginia,Appomattox,2453,5340,142,7935,Mitt Romney,2887,5715,2023,273,8011,Donald Trump,3692,0.96
Virginia,Arlington,81269,34474,1865,117608,Barack Obama,46795,20186,92016,9154,121356,Hillary Clinton,71830,3.19
Virginia,Augusta,9451,23624,597,33672,Mitt Romney,14173,26163,8177,2003,36343,Donald Trump,17986,7.93
Virginia,Bath,894,1274,55,2223,Mitt Romney,380,1548,603,102,2253,Donald Trump,945,1.35
Virginia,Bedford,11434,28206,590,40230,Mitt Romney,16772,30659,9768,2098,42525,Donald Trump,20891,5.7
Virginia,Bland,735,2144,69,2948,Mitt Romney,1409,2573,453,113,3139,Donald Trump,2120,6.48
Virginia,Botetourt,5452,12479,310,18241,Mitt Romney,7027,13375,4494,870,18739,Donald Trump,8881,2.73
Virginia,Bristol,2492,4780,115,7387,Mitt Romney,2288,4892,1835,305,7032,Donald Trump,3057,-4.81
Virginia,Brunswick,4994,2968,75,8037,Barack Obama,2026,3046,4481,142,7669,Hillary Clinton,1435,-4.58
Virginia,Buchanan,3094,6436,116,9646,Mitt Romney,3342,7296,1721,230,9247,Donald Trump,5575,-4.14
Virginia,Buckingham,3750,3569,138,7457,Barack Obama,181,3950,3128,217,7295,Donald Trump,822,-2.17
Virginia,Buena Vista,919,1564,43,2526,Mitt Romney,645,1430,693,284,2407,Donald Trump,737,-4.71
Virginia,Campbell,7595,17695,406,25696,Mitt Romney,10100,19551,6664,1320,27535,Donald Trump,12887,7.16
Virginia,Caroline,7276,6151,225,13652,Barack Obama,1125,7147,6432,1284,14863,Donald Trump,715,8.87
Virginia,Carroll,3685,8736,497,12918,Mitt Romney,5051,10663,2559,446,13668,Donald Trump,8104,5.81
Virginia,Charles City,2772,1396,64,4232,Barack Obama,1376,1476,2496,135,4107,Hillary Clinton,1020,-2.95
Virginia,Charlotte,2503,3311,84,5898,Mitt Romney,808,3479,2155,174,5808,Donald Trump,1324,-1.53
Virginia,Charlottesville,16510,4844,443,21797,Barack Obama,11666,2960,17901,1611,22472,Hillary Clinton,14941,3.1
Virginia,Chesapeake,55052,53900,1473,110425,Barack Obama,1152,54047,52627,6031,112705,Donald Trump,1420,2.06
Virginia,Chesterfield,77694,90934,2360,170988,Mitt Romney,13240,85045,81074,10342,176461,Donald Trump,3971,3.2
Virginia,Clarke,3239,4296,227,7762,Mitt Romney,1057,4661,3051,501,8213,Donald Trump,1610,5.81
Virginia,Colonial Heights,2544,5941,139,8624,Mitt Romney,3397,5681,2367,409,8457,Donald Trump,3314,-1.94
Virginia,Covington,1319,975,36,2330,Barack Obama,344,1349,914,119,2382,Donald Trump,435,2.23
Virginia,Craig,830,1757,80,2667,Mitt Romney,927,2140,541,113,2794,Donald Trump,1599,4.76
Virginia,Culpeper,8285,11580,346,20211,Mitt Romney,3295,13349,7759,1110,22218,Donald Trump,5590,9.93
Virginia,Cumberland,2422,2538,88,5048,Mitt Romney,116,2697,2036,173,4906,Donald Trump,661,-2.81
Virginia,Danville,12218,7763,223,20204,Barack Obama,4455,7303,11059,590,18952,Hillary Clinton,3756,-6.2
Virginia,Dickenson,2473,4274,157,6904,Mitt Romney,1801,4932,1335,173,6440,Donald Trump,3597,-6.72
Virginia,Dinwiddie,6550,6875,164,13589,Mitt Romney,325,7447,5765,363,13575,Donald Trump,1682,-0.1
Virginia,Emporia,1793,886,17,2696,Barack Obama,907,789,1530,48,2367,Hillary Clinton,741,-12.2
Virginia,Essex,3016,2602,57,5675,Barack Obama,414,2657,2542,209,5408,Donald Trump,115,-4.7
Virginia,Fairfax,321924,211548,7444,540916,Barack Obama,110376,161412,362500,39301,563213,Hillary Clinton,201088,4.12
Virginia,Falls Church,5015,2147,114,7276,Barack Obama,2868,1324,5819,614,7757,Hillary Clinton,4495,6.61
Virginia,Fauquier,13965,21034,556,35555,Mitt Romney,7069,22127,12971,2369,37467,Donald Trump,9156,5.38
Virginia,Floyd,2732,4673,239,7644,Mitt Romney,1941,5293,2300,458,8051,Donald Trump,2993,5.32
Virginia,Fluvanna,5893,6678,178,12749,Mitt Romney,785,7025,5760,812,13597,Donald Trump,1265,6.65
Virginia,Franklin,11923,18214,930,31067,Mitt Romney,6291,19990,9776,1275,31041,Donald Trump,10214,-0.08
Virginia,Frederick,12690,22858,846,36394,Mitt Romney,10168,26083,11932,2425,40440,Donald Trump,14151,11.12
Virginia,Fredericksburg,7131,4060,246,11437,Barack Obama,3071,3744,6707,813,11264,Hillary Clinton,2963,-1.51
Virginia,Galax,900,1332,45,2277,Mitt Romney,432,1603,681,92,2376,Donald Trump,922,4.35
Virginia,Giles,2730,4660,168,7558,Mitt Romney,1930,5910,1950,352,8212,Donald Trump,3960,8.65
Virginia,Gloucester,6764,12137,382,19283,Mitt Romney,5373,13096,5404,1119,19619,Donald Trump,7692,1.74
Virginia,Goochland,4676,8448,191,13315,Mitt Romney,3772,8384,4889,764,14037,Donald Trump,3495,5.42
Virginia,Grayson,2068,4801,252,7121,Mitt Romney,2733,5592,1407,286,7285,Donald Trump,4185,2.3
Virginia,Greene,3290,5569,164,9023,Mitt Romney,2279,5945,2924,739,9608,Donald Trump,3021,6.48
Virginia,Greensville,3135,1766,25,4926,Barack Obama,1369,1737,2558,68,4363,Hillary Clinton,821,-11.43
Virginia,Halifax,7766,8694,232,16692,Mitt Romney,928,9704,6897,400,17001,Donald Trump,2807,1.85
Virginia,Hampton,46966,18640,884,66490,Barack Obama,28326,17902,41312,3142,62356,Hillary Clinton,23410,-6.22
Virginia,Hanover,18294,39940,824,59058,Mitt Romney,21646,39630,19382,3741,62753,Donald Trump,20248,6.26
Virginia,Harrisonburg,8654,6565,374,15593,Barack Obama,2089,6262,10212,1519,17993,Hillary Clinton,3950,15.39
Virginia,Henrico,89594,70449,2198,162241,Barack Obama,19145,59857,93935,9862,163654,Hillary Clinton,34078,0.87
Virginia,Henry,10317,13984,662,24963,Mitt Romney,3667,15208,8198,700,24106,Donald Trump,7010,-3.43
Virginia,Highland,459,924,30,1413,Mitt Romney,465,958,371,62,1391,Donald Trump,587,-1.56
Virginia,Hopewell,5179,3739,113,9031,Barack Obama,1440,3885,4724,399,9008,Hillary Clinton,839,-0.25
Virginia,Isle of Wight,8761,11802,264,20827,Mitt Romney,3041,12204,7881,990,21075,Donald Trump,4323,1.19
Virginia,James City,17879,22843,518,41240,Mitt Romney,4964,21306,19105,2762,43173,Donald Trump,2201,4.69
Virginia,King George,4477,6604,244,11325,Mitt Romney,2127,7341,4007,711,12059,Donald Trump,3334,6.48
Virginia,King William,3344,5466,113,8923,Mitt Romney,2122,5975,2760,426,9161,Donald Trump,3215,2.67
Virginia,King and Queen,1745,1865,45,3655,Mitt Romney,120,2099,1468,130,3697,Donald Trump,631,1.15
Virginia,Lancaster,3149,3753,59,6961,Mitt Romney,604,3523,2869,253,6645,Donald Trump,654,-4.54
Virginia,Lee,2583,6847,168,9598,Mitt Romney,4264,7543,1627,229,9399,Donald Trump,5916,-2.07
Virginia,Lexington,1486,1146,55,2687,Barack Obama,340,766,1514,185,2465,Hillary Clinton,748,-8.26
Virginia,Loudoun,82479,75292,2289,160060,Barack Obama,7187,69949,100795,12353,183097,Hillary Clinton,30846,14.39
Virginia,Louisa,6953,9215,284,16452,Mitt Romney,2262,10528,6212,891,17631,Donald Trump,4316,7.17
Virginia,Lunenburg,2684,2969,81,5734,Mitt Romney,285,3204,2227,155,5586,Donald Trump,977,-2.58
Virginia,Lynchburg,15948,19806,694,36448,Mitt Romney,3858,17982,14792,2897,35671,Donald Trump,3190,-2.13
Virginia,Madison,2639,3869,106,6614,Mitt Romney,1230,4419,2203,357,6979,Donald Trump,2216,5.52
Virginia,Manassas,8478,6463,259,15200,Barack Obama,2015,5953,8423,1035,15411,Hillary Clinton,2470,1.39
Virginia,Manassas Park,2879,1699,78,4656,Barack Obama,1180,1733,3204,295,5232,Hillary Clinton,1471,12.37
Virginia,Martinsville,3855,2312,117,6284,Barack Obama,1543,2149,3533,225,5907,Hillary Clinton,1384,-6
Virginia,Mathews,1807,3488,79,5374,Mitt Romney,1681,3517,1563,231,5311,Donald Trump,1954,-1.17
Virginia,Mecklenburg,6921,7973,183,15077,Mitt Romney,1052,8288,6285,372,14945,Donald Trump,2003,-0.88
Virginia,Middlesex,2370,3619,91,6080,Mitt Romney,1249,3670,2108,239,6017,Donald Trump,1562,-1.04
Virginia,Montgomery,19903,20006,1100,41009,Mitt Romney,103,19459,20021,3551,43031,Hillary Clinton,562,4.93
Virginia,Nelson,4171,3947,132,8250,Barack Obama,224,4154,3689,475,8318,Donald Trump,465,0.82
Virginia,New Kent,3555,7246,152,10953,Mitt Romney,3691,8118,3546,578,12242,Donald Trump,4572,11.77
Virginia,Newport News,51100,27230,1114,79444,Barack Obama,23870,25468,45618,4629,75715,Hillary Clinton,20150,-4.69
Virginia,Norfolk,62687,23147,1209,87043,Barack Obama,39540,21552,57023,4813,83388,Hillary Clinton,35471,-4.2
Virginia,Northampton,3741,2676,74,6491,Barack Obama,1065,2686,3255,231,6172,Hillary Clinton,569,-4.91
Virginia,Northumberland,3191,4310,57,7558,Mitt Romney,1119,4302,2852,244,7398,Donald Trump,1450,-2.12
Virginia,Norton,566,895,31,1492,Mitt Romney,329,1021,383,56,1460,Donald Trump,638,-2.14
Virginia,Nottoway,3344,3409,93,6846,Mitt Romney,65,3712,2829,203,6744,Donald Trump,883,-1.49
Virginia,Orange,6870,9244,240,16354,Mitt Romney,2374,10521,5957,792,17270,Donald Trump,4564,5.6
Virginia,Page,3724,6344,160,10228,Mitt Romney,2620,7831,2514,395,10740,Donald Trump,5317,5.01
Virginia,Patrick,2417,5622,220,8259,Mitt Romney,3205,6454,1768,303,8525,Donald Trump,4686,3.22
Virginia,Petersburg,14283,1527,98,15908,Barack Obama,12756,1451,12021,314,13786,Hillary Clinton,10570,-13.34
Virginia,Pittsylvania,10858,19263,560,30681,Mitt Romney,8405,21554,9199,845,31598,Donald Trump,12355,2.99
Virginia,Poquoson,1679,5312,115,7106,Mitt Romney,3633,5092,1601,484,7177,Donald Trump,3491,1
Virginia,Portsmouth,32501,12858,563,45922,Barack Obama,19643,12795,28497,1973,43265,Hillary Clinton,15702,-5.79
Virginia,Powhatan,4088,11200,237,15525,Mitt Romney,7112,11885,4060,955,16900,Donald Trump,7825,8.86
Virginia,Prince Edward,5132,3952,155,9239,Barack Obama,1180,4101,4591,451,9143,Hillary Clinton,490,-1.04
Virginia,Prince George,6991,8879,176,16046,Mitt Romney,1888,9157,6419,608,16184,Donald Trump,2738,0.86
Virginia,Prince William,103331,74458,2406,180195,Barack Obama,28873,71721,113144,11673,196538,Hillary Clinton,41423,9.07
Virginia,Pulaski,5292,8920,468,14680,Mitt Romney,3628,10322,4172,673,15167,Donald Trump,6150,3.32
Virginia,Radford,2732,2520,147,5399,Barack Obama,212,2638,2925,522,6085,Hillary Clinton,287,12.71
Virginia,Rappahannock,1980,2311,66,4357,Mitt Romney,331,2539,1747,197,4483,Donald Trump,792,2.89
Virginia,Richmond,77495,22210,1634,101339,Barack Obama,55285,17794,82606,6745,107145,Hillary Clinton,64812,5.73
Virginia,Roanoke,42845,46615,1912,91372,Mitt Romney,3770,46197,39486,5272,90955,Donald Trump,6711,-0.46
Virginia,Rockbridge,4088,5898,191,10177,Mitt Romney,1810,6680,3508,607,10795,Donald Trump,3172,6.07
Virginia,Rockingham,10065,24186,615,34866,Mitt Romney,14121,25990,9366,2131,37487,Donald Trump,16624,7.52
Virginia,Russell,3718,8180,190,12088,Mitt Romney,4462,9521,2330,395,12246,Donald Trump,7191,1.31
Virginia,Salem,4760,7299,259,12318,Mitt Romney,2539,7226,4202,797,12225,Donald Trump,3024,-0.75
Virginia,Scott,2395,7439,158,9992,Mitt Romney,5044,8247,1581,272,10100,Donald Trump,6666,1.08
Virginia,Shenandoah,6469,12538,366,19373,Mitt Romney,6069,14094,5273,1146,20513,Donald Trump,8821,5.88
Virginia,Smyth,4171,8379,227,12777,Mitt Romney,4208,9750,2665,475,12890,Donald Trump,7085,0.88
Virginia,Southampton,4437,4733,94,9264,Mitt Romney,296,5035,3595,248,8878,Donald Trump,1440,-4.17
Virginia,Spotsylvania,25165,31844,965,57974,Mitt Romney,6679,34623,24207,3732,62562,Donald Trump,10416,7.91
Virginia,Stafford,27182,32480,921,60583,Mitt Romney,5298,33868,27908,4158,65934,Donald Trump,5960,8.83
Virginia,Staunton,5728,5272,210,11210,Barack Obama,456,5133,5333,789,11255,Hillary Clinton,200,0.4
Virginia,Suffolk,24267,17820,479,42566,Barack Obama,6447,18006,23280,1954,43240,Hillary Clinton,5274,1.58
Virginia,Surry,2576,1671,61,4308,Barack Obama,905,1819,2272,137,4228,Hillary Clinton,453,-1.86
Virginia,Sussex,3358,2021,61,5440,Barack Obama,1337,2055,2879,110,5044,Hillary Clinton,824,-7.28
Virginia,Tazewell,3661,13843,228,17732,Mitt Romney,10182,15168,2895,503,18566,Donald Trump,12273,4.7
Virginia,Virginia Beach,94299,99291,3051,196641,Mitt Romney,4992,98224,91032,14006,203262,Donald Trump,7192,3.37
Virginia,Warren,6452,9869,377,16698,Mitt Romney,3417,11773,5169,1018,17960,Donald Trump,6604,7.56
Virginia,Washington,7076,18141,415,25632,Mitt Romney,11065,19320,5553,974,25847,Donald Trump,13767,0.84
Virginia,Waynesboro,3840,4790,161,8791,Mitt Romney,950,4801,3764,639,9204,Donald Trump,1037,4.7
Virginia,Westmoreland,4295,3731,94,8120,Barack Obama,564,4448,3836,290,8574,Donald Trump,612,5.59
Virginia,Williamsburg,4903,2682,163,7748,Barack Obama,2221,1925,5206,495,7626,Hillary Clinton,3281,-1.57
Virginia,Winchester,5094,4946,256,10296,Barack Obama,148,4790,5164,713,10667,Hillary Clinton,374,3.6
Virginia,Wise,3760,11076,182,15018,Mitt Romney,7316,12086,2701,376,15163,Donald Trump,9385,0.97
Virginia,Wythe,3783,8324,251,12358,Mitt Romney,4541,10046,2770,527,13343,Donald Trump,7276,7.97
Virginia,York,13183,20204,566,33953,Mitt Romney,7021,18837,12999,2282,34118,Donald Trump,5838,0.49
Washington,Adams,1540,3171,82,4793,Mitt Romney,1631,3083,1299,262,4644,Donald Trump,1784,-3.11
Washington,Asotin,4003,5654,244,9901,Mitt Romney,1651,5741,3134,861,9736,Donald Trump,2607,-1.67
Washington,Benton,28145,49461,1953,79559,Mitt Romney,21316,47194,26360,6473,80027,Donald Trump,20834,0.59
Washington,Chelan,13112,18402,736,32250,Mitt Romney,5290,18114,13032,2234,33380,Donald Trump,5082,3.5
Washington,Clallam,18580,18437,1049,38066,Barack Obama,143,18794,17677,2986,39457,Donald Trump,1117,3.65
Washington,Clark,93382,92951,4472,190805,Barack Obama,431,92441,92757,14962,200160,Hillary Clinton,316,4.9
Washington,Columbia,645,1568,46,2259,Mitt Romney,923,1497,526,159,2182,Donald Trump,971,-3.41
Washington,Cowlitz,22726,20746,1148,44620,Barack Obama,1980,24185,17908,3599,45692,Donald Trump,6277,2.4
Washington,Douglas,5166,9425,351,14942,Mitt Romney,4259,9603,4918,1022,15543,Donald Trump,4685,4.02
Washington,Ferry,1294,1995,151,3440,Mitt Romney,701,2202,1098,301,3601,Donald Trump,1104,4.68
Washington,Franklin,8398,13748,497,22643,Mitt Romney,5350,13206,8886,1628,23720,Donald Trump,4320,4.76
Washington,Garfield,336,913,29,1278,Mitt Romney,577,851,279,116,1246,Donald Trump,572,-2.5
Washington,Grant,8950,17852,756,27558,Mitt Romney,8902,18518,7810,2018,28346,Donald Trump,10708,2.86
Washington,Grays Harbor,15960,11914,810,28684,Barack Obama,4046,14067,12020,2280,28367,Donald Trump,2047,-1.11
Washington,Island,21478,19605,1016,42099,Barack Obama,1873,18465,20960,3451,42876,Hillary Clinton,2495,1.85
Washington,Jefferson,12739,6405,685,19829,Barack Obama,6334,6037,12656,1583,20276,Hillary Clinton,6619,2.25
Washington,King,668004,275700,23450,967154,Barack Obama,392304,216339,718322,63838,998499,Hillary Clinton,501983,3.24
Washington,Kitsap,67277,52846,3244,123367,Barack Obama,14431,49018,63156,12143,124317,Hillary Clinton,14138,0.77
Washington,Kittitas,7949,9782,440,18171,Mitt Romney,1833,10100,7489,1366,18955,Donald Trump,2611,4.31
Washington,Klickitat,4598,5316,360,10274,Mitt Romney,718,5789,4194,786,10769,Donald Trump,1595,4.82
Washington,Lewis,12664,20452,928,34044,Mitt Romney,7788,21992,9654,2503,34149,Donald Trump,12338,0.31
Washington,Lincoln,1673,4063,136,5872,Mitt Romney,2390,4108,1244,361,5713,Donald Trump,2864,-2.71
Washington,Mason,14764,12761,710,28235,Barack Obama,2003,13677,11993,2403,28073,Donald Trump,1684,-0.57
Washington,Okanogan,7108,9221,517,16846,Mitt Romney,2113,9610,6298,1183,17091,Donald Trump,3312,1.45
Washington,Pacific,5711,4499,314,10524,Barack Obama,1212,5360,4620,736,10716,Donald Trump,740,1.82
Washington,Pend Oreille,2508,3952,208,6668,Mitt Romney,1444,4373,1934,495,6802,Donald Trump,2439,2.01
Washington,Pierce,186430,148467,8013,342910,Barack Obama,37963,146824,172538,29123,348485,Hillary Clinton,25714,1.63
Washington,San Juan,7125,3111,358,10594,Barack Obama,4014,2688,7172,914,10774,Hillary Clinton,4484,1.7
Washington,Skagit,28688,25071,1510,55269,Barack Obama,3617,24736,26690,4542,55968,Hillary Clinton,1954,1.26
Washington,Skamania,2628,2687,151,5466,Mitt Romney,59,2928,2232,479,5639,Donald Trump,696,3.17
Washington,Snohomish,188516,133016,8285,329817,Barack Obama,55500,128255,185227,28691,342173,Hillary Clinton,56972,3.75
Washington,Spokane,102295,115285,6250,223830,Mitt Romney,12990,113435,93767,20044,227246,Donald Trump,19668,1.53
Washington,Stevens,7762,13691,708,22161,Mitt Romney,5929,15161,5767,1749,22677,Donald Trump,9394,2.33
Washington,Thurston,74037,49287,3739,127063,Barack Obama,24750,48624,68798,11988,129410,Hillary Clinton,20174,1.85
Washington,Wahkiakum,1094,1119,81,2294,Mitt Romney,25,1344,832,182,2358,Donald Trump,512,2.79
Washington,Walla Walla,9768,14648,692,25108,Mitt Romney,4880,13651,9694,2074,25419,Donald Trump,3957,1.24
Washington,Whatcom,57089,42703,3237,103029,Barack Obama,14386,40599,60340,8734,109673,Hillary Clinton,19741,6.45
Washington,Whitman,8037,8507,577,17121,Mitt Romney,470,7403,8146,1756,17305,Hillary Clinton,743,1.07
Washington,Yakima,33217,42239,1517,76973,Mitt Romney,9022,41735,31291,4724,77750,Donald Trump,10444,1.01
West Virginia,Barbour,1768,3824,169,5761,Mitt Romney,2056,4527,1222,305,6054,Donald Trump,3305,5.09
West Virginia,Berkeley,14275,22156,741,37172,Mitt Romney,7881,28244,12321,2285,42850,Donald Trump,15923,15.27
West Virginia,Boone,2790,5467,243,8500,Mitt Romney,2677,6504,1790,389,8683,Donald Trump,4714,2.15
West Virginia,Braxton,1998,2725,81,4804,Mitt Romney,727,3537,1321,232,5090,Donald Trump,2216,5.95
West Virginia,Brooke,4005,5060,229,9294,Mitt Romney,1055,6625,2568,420,9613,Donald Trump,4057,3.43
West Virginia,Cabell,13568,17985,591,32144,Mitt Romney,4417,19850,11447,1788,33085,Donald Trump,8403,2.93
West Virginia,Calhoun,818,1319,70,2207,Mitt Romney,501,2035,456,126,2617,Donald Trump,1579,18.58
West Virginia,Clay,931,1971,110,3012,Mitt Romney,1040,2300,568,104,2972,Donald Trump,1732,-1.33
West Virginia,Doddridge,575,2130,64,2769,Mitt Romney,1555,2358,362,120,2840,Donald Trump,1996,2.56
West Virginia,Fayette,5419,8350,301,14070,Mitt Romney,2931,10357,4290,690,15337,Donald Trump,6067,9
West Virginia,Gilmer,840,1595,74,2509,Mitt Romney,755,1896,545,102,2543,Donald Trump,1351,1.36
West Virginia,Grant,718,3783,85,4586,Mitt Romney,3065,4346,512,98,4956,Donald Trump,3834,8.07
West Virginia,Greenbrier,4710,7930,323,12963,Mitt Romney,3220,9556,3765,745,14066,Donald Trump,5791,8.51
West Virginia,Hampshire,2299,5523,164,7986,Mitt Romney,3224,6692,1580,336,8608,Donald Trump,5112,7.79
West Virginia,Hancock,4627,7226,265,12118,Mitt Romney,2599,8909,3262,531,12702,Donald Trump,5647,4.82
West Virginia,Hardy,1482,3536,150,5168,Mitt Romney,2054,4274,1155,214,5643,Donald Trump,3119,9.19
West Virginia,Harrison,9732,15876,539,26147,Mitt Romney,6144,18750,7694,1516,27960,Donald Trump,11056,6.93
West Virginia,Jackson,3854,7408,282,11544,Mitt Romney,3554,9020,2663,504,12187,Donald Trump,6357,5.57
West Virginia,Jefferson,10398,11258,482,22138,Mitt Romney,860,13204,9518,1425,24147,Donald Trump,3686,9.07
West Virginia,Kanawha,32480,41364,1233,75077,Mitt Romney,8884,43850,28263,3577,75690,Donald Trump,15587,0.82
West Virginia,Lewis,1736,4375,176,6287,Mitt Romney,2639,5274,1347,307,6928,Donald Trump,3927,10.2
West Virginia,Lincoln,2227,4383,208,6818,Mitt Romney,2156,5307,1459,300,7066,Donald Trump,3848,3.64
West Virginia,Logan,3469,8222,255,11946,Mitt Romney,4753,9897,2092,370,12359,Donald Trump,7805,3.46
West Virginia,Marion,8959,12054,529,21542,Mitt Romney,3095,14668,6964,1397,23029,Donald Trump,7704,6.9
West Virginia,Marshall,4484,8135,297,12916,Mitt Romney,3651,9666,2918,632,13216,Donald Trump,6748,2.32
West Virginia,Mason,3778,5741,270,9789,Mitt Romney,1963,7654,2081,451,10186,Donald Trump,5573,4.06
West Virginia,McDowell,2109,3959,120,6188,Mitt Romney,1850,4629,1438,136,6203,Donald Trump,3191,0.24
West Virginia,Mercer,5432,15450,394,21276,Mitt Romney,10018,17404,4704,874,22982,Donald Trump,12700,8.02
West Virginia,Mineral,2885,7833,261,10979,Mitt Romney,4948,9070,2050,444,11564,Donald Trump,7020,5.33
West Virginia,Mingo,2428,6191,211,8830,Mitt Romney,3763,7911,1370,229,9510,Donald Trump,6541,7.7
West Virginia,Monongalia,13826,16831,818,31475,Mitt Romney,3005,18432,14699,2917,36048,Donald Trump,3733,14.53
West Virginia,Monroe,1455,3616,141,5212,Mitt Romney,2161,4443,1111,251,5805,Donald Trump,3332,11.38
West Virginia,Morgan,2363,4513,168,7044,Mitt Romney,2150,5732,1573,349,7654,Donald Trump,4159,8.66
West Virginia,Nicholas,2664,5898,223,8785,Mitt Romney,3234,7251,1840,400,9491,Donald Trump,5411,8.04
West Virginia,Ohio,6786,10768,357,17911,Mitt Romney,3982,11139,5493,1306,17938,Donald Trump,5646,0.15
West Virginia,Pendleton,1074,2095,70,3239,Mitt Romney,1021,2398,729,98,3225,Donald Trump,1669,-0.43
West Virginia,Pleasants,955,1825,60,2840,Mitt Romney,870,2358,621,171,3150,Donald Trump,1737,10.92
West Virginia,Pocahontas,1303,2182,91,3576,Mitt Romney,879,2496,928,222,3646,Donald Trump,1568,1.96
West Virginia,Preston,2931,7889,335,11155,Mitt Romney,4958,9538,2470,651,12659,Donald Trump,7068,13.48
West Virginia,Putnam,7256,16032,385,23673,Mitt Romney,8776,17788,5884,1221,24893,Donald Trump,11904,5.15
West Virginia,Raleigh,7739,20614,476,28829,Mitt Romney,12875,22048,6443,1127,29618,Donald Trump,15605,2.74
West Virginia,Randolph,3342,6160,254,9756,Mitt Romney,2818,7629,2735,512,10876,Donald Trump,4894,11.48
West Virginia,Ritchie,768,2921,99,3788,Mitt Romney,2153,3405,496,174,4075,Donald Trump,2909,7.58
West Virginia,Roane,1939,2982,126,5047,Mitt Romney,1043,3781,1222,244,5247,Donald Trump,2559,3.96
West Virginia,Summers,1621,2981,133,4735,Mitt Romney,1360,3455,1190,217,4862,Donald Trump,2265,2.68
West Virginia,Taylor,1941,3840,127,5908,Mitt Romney,1899,4733,1491,314,6538,Donald Trump,3242,10.66
West Virginia,Tucker,880,2176,82,3138,Mitt Romney,1296,2565,751,159,3475,Donald Trump,1814,10.74
West Virginia,Tyler,890,2314,75,3279,Mitt Romney,1424,2996,507,151,3654,Donald Trump,2489,11.44
West Virginia,Upshur,2158,5939,176,8273,Mitt Romney,3781,7005,1766,447,9218,Donald Trump,5239,11.42
West Virginia,Wayne,4931,8688,336,13955,Mitt Romney,3757,11152,3357,673,15182,Donald Trump,7795,8.79
West Virginia,Webster,947,1710,98,2755,Mitt Romney,763,2302,556,120,2978,Donald Trump,1746,8.09
West Virginia,Wetzel,2217,3473,166,5856,Mitt Romney,1256,4519,1359,387,6265,Donald Trump,3160,6.98
West Virginia,Wirt,676,1427,68,2171,Mitt Romney,751,1911,386,125,2422,Donald Trump,1525,11.56
West Virginia,Wood,11230,22183,564,33977,Mitt Romney,10953,25434,8400,1781,35615,Donald Trump,17034,4.82
West Virginia,Wyoming,1583,5769,171,7523,Mitt Romney,4186,6547,1062,222,7831,Donald Trump,5485,4.09
Wisconsin,Adams,5542,4644,101,10287,Barack Obama,898,5983,3770,411,10164,Donald Trump,2213,-1.2
Wisconsin,Ashland,5399,2820,153,8372,Barack Obama,2579,3302,4228,499,8029,Hillary Clinton,926,-4.1
Wisconsin,Barron,10890,11443,359,22692,Mitt Romney,553,13606,7879,1158,22643,Donald Trump,5727,-0.22
Wisconsin,Bayfield,6033,3603,152,9788,Barack Obama,2430,4125,4954,450,9529,Hillary Clinton,829,-2.65
Wisconsin,Brown,62526,64836,1566,128928,Mitt Romney,2310,67199,53364,8416,128979,Donald Trump,13835,0.04
Wisconsin,Buffalo,3570,3364,105,7039,Barack Obama,206,4049,2531,408,6988,Donald Trump,1518,-0.72
Wisconsin,Burnett,3986,4550,141,8677,Mitt Romney,564,5412,2948,383,8743,Donald Trump,2464,0.76
Wisconsin,Calumet,11489,14539,392,26420,Mitt Romney,3050,15348,9646,1656,26650,Donald Trump,5702,0.87
Wisconsin,Chippewa,15237,15322,373,30932,Mitt Romney,85,17909,11886,1766,31561,Donald Trump,6023,2.03
Wisconsin,Clark,6172,7412,217,13801,Mitt Romney,1240,8646,4227,723,13596,Donald Trump,4419,-1.49
Wisconsin,Columbia,17175,13026,345,30546,Barack Obama,4149,14160,13526,2085,29771,Donald Trump,634,-2.54
Wisconsin,Crawford,4629,3067,121,7817,Barack Obama,1562,3844,3425,475,7744,Donald Trump,419,-0.93
Wisconsin,Dane,216071,83644,4466,304181,Barack Obama,132427,71279,217526,21212,310017,Hillary Clinton,146247,1.92
Wisconsin,Dodge,18762,25211,515,44488,Mitt Romney,6449,26643,13968,2454,43065,Donald Trump,12675,-3.2
Wisconsin,Door,9357,8121,193,17671,Barack Obama,1236,8584,8026,998,17608,Donald Trump,558,-0.36
Wisconsin,Douglas,14863,7705,326,22894,Barack Obama,7158,9659,11345,1507,22511,Hillary Clinton,1686,-1.67
Wisconsin,Dunn,11316,10224,452,21992,Barack Obama,1092,11488,9026,1577,22091,Donald Trump,2462,0.45
Wisconsin,Eau Claire,30666,23256,884,54806,Barack Obama,7410,23311,27294,4280,54885,Hillary Clinton,3983,0.14
Wisconsin,Florence,953,1645,27,2625,Mitt Romney,692,1897,666,94,2657,Donald Trump,1231,1.22
Wisconsin,Fond du Lac,22379,30355,668,53402,Mitt Romney,7976,31044,17391,2892,51327,Donald Trump,13653,-3.89
Wisconsin,Forest,2425,2172,51,4648,Barack Obama,253,2788,1584,168,4540,Donald Trump,1204,-2.32
Wisconsin,Grant,13594,10255,399,24248,Barack Obama,3339,12349,10046,1926,24321,Donald Trump,2303,0.3
Wisconsin,Green,11206,7857,259,19322,Barack Obama,3349,8693,9122,1170,18985,Hillary Clinton,429,-1.74
Wisconsin,Green Lake,3793,5782,100,9675,Mitt Romney,1989,6213,2701,474,9388,Donald Trump,3512,-2.97
Wisconsin,Iowa,8105,4287,142,12534,Barack Obama,3818,4809,6669,782,12260,Hillary Clinton,1860,-2.19
Wisconsin,Iron,1784,1790,58,3632,Mitt Romney,6,2090,1273,134,3497,Donald Trump,817,-3.72
Wisconsin,Jackson,5298,3900,115,9313,Barack Obama,1398,4907,3821,544,9272,Donald Trump,1086,-0.44
Wisconsin,Jefferson,20158,23517,606,44281,Mitt Romney,3359,23410,16561,3175,43146,Donald Trump,6849,-2.56
Wisconsin,Juneau,6242,5411,174,11827,Barack Obama,831,7123,4073,536,11732,Donald Trump,3050,-0.8
Wisconsin,Kenosha,44867,34977,1053,80897,Barack Obama,9890,36025,35771,5280,77076,Donald Trump,254,-4.72
Wisconsin,Kewaunee,5153,5747,137,11037,Mitt Romney,594,6616,3623,519,10758,Donald Trump,2993,-2.53
Wisconsin,La Crosse,36693,25751,1018,63462,Barack Obama,10942,26389,32406,4173,62968,Hillary Clinton,6017,-0.78
Wisconsin,Lafayette,4536,3314,102,7952,Barack Obama,1222,3977,3288,397,7662,Donald Trump,689,-3.65
Wisconsin,Langlade,4573,5816,130,10519,Mitt Romney,1243,6436,3260,436,10132,Donald Trump,3176,-3.68
Wisconsin,Lincoln,7563,7455,198,15216,Barack Obama,108,8400,5370,936,14706,Donald Trump,3030,-3.35
Wisconsin,Manitowoc,20403,21604,610,42617,Mitt Romney,1201,23193,14506,2647,40346,Donald Trump,8687,-5.33
Wisconsin,Marathon,32363,36617,882,69862,Mitt Romney,4254,39013,26477,4025,69515,Donald Trump,12536,-0.5
Wisconsin,Marinette,9882,10619,276,20777,Mitt Romney,737,12995,6243,808,20046,Donald Trump,6752,-3.52
Wisconsin,Marquette,4014,3992,99,8105,Barack Obama,22,4714,2809,370,7893,Donald Trump,1905,-2.62
Wisconsin,Menominee,1191,179,7,1377,Barack Obama,1012,269,1003,7,1279,Hillary Clinton,734,-7.12
Wisconsin,Milwaukee,332438,154924,5214,492576,Barack Obama,177514,125846,288797,25604,440247,Hillary Clinton,162951,-10.62
Wisconsin,Monroe,9515,9675,295,19485,Mitt Romney,160,11352,7048,1270,19670,Donald Trump,4304,0.95
Wisconsin,Oconto,8865,10741,253,19859,Mitt Romney,1876,13253,5884,841,19978,Donald Trump,7369,0.6
Wisconsin,Oneida,10452,10917,283,21652,Mitt Romney,465,12117,8104,1252,21473,Donald Trump,4013,-0.83
Wisconsin,Outagamie,45659,47372,1565,94596,Mitt Romney,1713,49884,38087,5897,93868,Donald Trump,11797,-0.77
Wisconsin,Ozaukee,19159,36077,581,55817,Mitt Romney,16918,30430,20168,3925,54523,Donald Trump,10262,-2.32
Wisconsin,Pepin,1876,1794,29,3699,Barack Obama,82,2206,1345,188,3739,Donald Trump,861,1.08
Wisconsin,Pierce,10235,10397,388,21020,Mitt Romney,162,11258,8382,1549,21189,Donald Trump,2876,0.8
Wisconsin,Polk,10073,12094,406,22573,Mitt Romney,2021,13815,7570,1364,22749,Donald Trump,6245,0.78
Wisconsin,Portage,22075,16615,647,39337,Barack Obama,5460,17306,18521,2669,38496,Hillary Clinton,1215,-2.14
Wisconsin,Price,3887,3884,130,7901,Barack Obama,3,4562,2669,346,7577,Donald Trump,1893,-4.1
Wisconsin,Racine,53008,49347,1009,103364,Barack Obama,3661,46611,42512,5010,94133,Donald Trump,4099,-8.93
Wisconsin,Richland,4969,3573,113,8655,Barack Obama,1396,4023,3577,455,8055,Donald Trump,446,-6.93
Wisconsin,Rock,49219,30517,954,80690,Barack Obama,18702,31488,39343,5237,76068,Hillary Clinton,7855,-5.73
Wisconsin,Rusk,3397,3676,118,7191,Mitt Romney,279,4564,2171,352,7087,Donald Trump,2393,-1.45
Wisconsin,Sauk,18736,12838,353,31927,Barack Obama,5898,14791,14692,1835,31318,Donald Trump,99,-1.91
Wisconsin,Sawyer,4486,4442,97,9025,Barack Obama,44,5185,3504,432,9121,Donald Trump,1681,1.06
Wisconsin,Shawano,9000,11022,257,20279,Mitt Romney,2022,12742,6056,953,19751,Donald Trump,6686,-2.6
Wisconsin,Sheboygan,27918,34072,661,62651,Mitt Romney,6154,32458,22956,4241,59655,Donald Trump,9502,-4.78
Wisconsin,St. Croix,19910,25503,812,46225,Mitt Romney,5593,26220,17486,3802,47508,Donald Trump,8734,2.78
Wisconsin,Taylor,3763,5601,148,9512,Mitt Romney,1838,6589,2398,497,9484,Donald Trump,4191,-0.29
Wisconsin,Trempealeau,7605,5707,169,13481,Barack Obama,1898,7364,5636,675,13675,Donald Trump,1728,1.44
Wisconsin,Vernon,8044,5942,283,14269,Barack Obama,2102,6996,6352,865,14213,Donald Trump,644,-0.39
Wisconsin,Vilas,5951,7749,142,13842,Mitt Romney,1798,8169,4770,673,13612,Donald Trump,3399,-1.66
Wisconsin,Walworth,22552,29006,745,52303,Mitt Romney,6454,28851,18706,3767,51324,Donald Trump,10145,-1.87
Wisconsin,Washburn,4447,4699,141,9287,Mitt Romney,252,5404,3284,460,9148,Donald Trump,2120,-1.5
Wisconsin,Washington,23166,54765,811,78742,Mitt Romney,31599,51729,20855,5419,78003,Donald Trump,30874,-0.94
Wisconsin,Waukesha,78779,162798,2279,243856,Mitt Romney,84019,142521,79200,17321,239042,Donald Trump,63321,-1.97
Wisconsin,Waupaca,11578,17002,260,28840,Mitt Romney,5424,16189,8440,1395,26024,Donald Trump,7749,-9.76
Wisconsin,Waushara,5335,6562,151,12048,Mitt Romney,1227,7669,3792,538,11999,Donald Trump,3877,-0.41
Wisconsin,Winnebago,45449,42122,1602,89173,Barack Obama,3327,43448,37054,6642,87144,Donald Trump,6394,-2.28
Wisconsin,Wood,18581,19704,615,38900,Mitt Romney,1123,21503,14232,2065,37800,Donald Trump,7271,-2.83
Wyoming,Albany,7458,7866,976,16300,Mitt Romney,408,7602,6890,2568,17060,Donald Trump,712,4.66
Wyoming,Big Horn,868,4285,171,5324,Mitt Romney,3417,4067,604,646,5317,Donald Trump,3463,-0.13
Wyoming,Campbell,2163,14953,455,17571,Mitt Romney,12790,15778,1324,1097,18199,Donald Trump,14454,3.57
Wyoming,Carbon,2110,4148,251,6509,Mitt Romney,2038,4409,1279,686,6374,Donald Trump,3130,-2.07
Wyoming,Converse,1089,5043,211,6343,Mitt Romney,3954,5520,668,466,6654,Donald Trump,4852,4.9
Wyoming,Crook,426,3109,150,3685,Mitt Romney,2683,3348,273,205,3826,Donald Trump,3075,3.83
Wyoming,Fremont,5333,11075,531,16939,Mitt Romney,5742,11167,4200,1656,17023,Donald Trump,6967,0.5
Wyoming,Goshen,1458,4178,170,5806,Mitt Romney,2720,4418,924,454,5796,Donald Trump,3494,-0.17
Wyoming,Hot Springs,523,1895,97,2515,Mitt Romney,1372,1939,400,247,2586,Donald Trump,1539,2.82
Wyoming,Johnson,749,3363,147,4259,Mitt Romney,2614,3477,638,302,4417,Donald Trump,2839,3.71
Wyoming,Laramie,14295,23904,1306,39505,Mitt Romney,9609,24847,11573,4549,40969,Donald Trump,13274,3.71
Wyoming,Lincoln,1287,7144,187,8618,Mitt Romney,5857,6779,1105,991,8875,Donald Trump,5674,2.98
Wyoming,Natrona,8961,22132,1280,32373,Mitt Romney,13171,23552,6577,3219,33348,Donald Trump,16975,3.01
Wyoming,Niobrara,200,1022,54,1276,Mitt Romney,822,1116,115,83,1314,Donald Trump,1001,2.98
Wyoming,Park,2927,11234,447,14608,Mitt Romney,8307,11115,2535,1445,15095,Donald Trump,8580,3.33
Wyoming,Platte,1223,3136,172,4531,Mitt Romney,1913,3437,719,373,4529,Donald Trump,2718,-0.04
Wyoming,Sheridan,3618,10267,437,14322,Mitt Romney,6649,10266,2927,1317,14510,Donald Trump,7339,1.31
Wyoming,Sublette,767,3472,137,4376,Mitt Romney,2705,3409,644,337,4390,Donald Trump,2765,0.32
Wyoming,Sweetwater,4774,11428,693,16895,Mitt Romney,6654,12154,3231,1745,17130,Donald Trump,8923,1.39
Wyoming,Teton,6213,4858,393,11464,Barack Obama,1355,3921,7314,1392,12627,Hillary Clinton,3393,10.14
Wyoming,Uinta,1628,6615,296,8539,Mitt Romney,4987,6154,1202,1114,8470,Donald Trump,4952,-0.81
Wyoming,Washakie,794,3014,136,3944,Mitt Romney,2220,2911,532,371,3814,Donald Trump,2379,-3.3
Wyoming,Weston,422,2821,116,3359,Mitt Romney,2399,3033,299,194,3526,Donald Trump,2734,4.97
